timestamp,sample_0,sample_1,sample_2,sample_3,sample_4,sample_5,sample_6,sample_7,sample_8,sample_9,sample_10,sample_11,sample_12,sample_13,sample_14,sample_15,sample_16,sample_17,sample_18,sample_19,sample_20,sample_21,sample_22,sample_23,sample_24,sample_25,sample_26,sample_27,sample_28,sample_29,sample_30,sample_31,sample_32,sample_33,sample_34,sample_35,sample_36,sample_37,sample_38,sample_39,sample_40,sample_41,sample_42,sample_43,sample_44,sample_45,sample_46,sample_47,sample_48,sample_49,sample_50,sample_51,sample_52,sample_53,sample_54,sample_55,sample_56,sample_57,sample_58,sample_59,sample_60,sample_61,sample_62,sample_63,sample_64,sample_65,sample_66,sample_67,sample_68,sample_69,sample_70,sample_71,sample_72,sample_73,sample_74,sample_75,sample_76,sample_77,sample_78,sample_79,sample_80,sample_81,sample_82,sample_83,sample_84,sample_85,sample_86,sample_87,sample_88,sample_89,sample_90,sample_91,sample_92,sample_93,sample_94,sample_95,sample_96,sample_97,sample_98,sample_99,sample_100,sample_101,sample_102,sample_103,sample_104,sample_105,sample_106,sample_107,sample_108,sample_109,sample_110,sample_111,sample_112,sample_113,sample_114,sample_115,sample_116,sample_117,sample_118,sample_119,sample_120,sample_121,sample_122,sample_123,sample_124,sample_125,sample_126,sample_127,sample_128,sample_129,sample_130,sample_131,sample_132,sample_133,sample_134,sample_135,sample_136,sample_137,sample_138,sample_139,sample_140,sample_141,sample_142,sample_143,sample_144,sample_145,sample_146,sample_147,sample_148,sample_149,sample_150,sample_151,sample_152,sample_153,sample_154,sample_155,sample_156,sample_157,sample_158,sample_159,sample_160,sample_161,sample_162,sample_163,sample_164,sample_165,sample_166,sample_167,sample_168,sample_169,sample_170,sample_171,sample_172,sample_173,sample_174,sample_175,sample_176,sample_177,sample_178,sample_179,sample_180,sample_181,sample_182,sample_183,sample_184,sample_185,sample_186,sample_187,sample_188,sample_189,sample_190,sample_191,sample_192,sample_193,sample_194,sample_195,sample_196,sample_197,sample_198,sample_199,sample_200,sample_201,sample_202,sample_203,sample_204,sample_205,sample_206,sample_207,sample_208,sample_209,sample_210,sample_211,sample_212,sample_213,sample_214,sample_215,sample_216,sample_217,sample_218,sample_219,sample_220,sample_221,sample_222,sample_223,sample_224,sample_225,sample_226,sample_227,sample_228,sample_229,sample_230,sample_231,sample_232,sample_233,sample_234,sample_235,sample_236,sample_237,sample_238,sample_239,sample_240,sample_241,sample_242,sample_243,sample_244,sample_245,sample_246,sample_247,sample_248,sample_249,sample_250,sample_251,sample_252,sample_253,sample_254,sample_255,sample_256,sample_257,sample_258,sample_259,sample_260,sample_261,sample_262,sample_263,sample_264,sample_265,sample_266,sample_267,sample_268,sample_269,sample_270,sample_271,sample_272,sample_273,sample_274,sample_275,sample_276,sample_277,sample_278,sample_279,sample_280,sample_281,sample_282,sample_283,sample_284,sample_285,sample_286,sample_287,sample_288,sample_289,sample_290,sample_291,sample_292,sample_293,sample_294,sample_295,sample_296,sample_297,sample_298,sample_299,sample_300,sample_301,sample_302,sample_303,sample_304,sample_305,sample_306,sample_307,sample_308,sample_309,sample_310,sample_311,sample_312,sample_313,sample_314,sample_315,sample_316,sample_317,sample_318,sample_319,sample_320,sample_321,sample_322,sample_323,sample_324,sample_325,sample_326,sample_327,sample_328,sample_329,sample_330,sample_331,sample_332,sample_333,sample_334,sample_335,sample_336,sample_337,sample_338,sample_339,sample_340,sample_341,sample_342,sample_343,sample_344,sample_345,sample_346,sample_347,sample_348,sample_349,sample_350,sample_351,sample_352,sample_353,sample_354,sample_355,sample_356,sample_357,sample_358,sample_359,sample_360,sample_361,sample_362,sample_363,sample_364,sample_365,sample_366,sample_367,sample_368,sample_369,sample_370,sample_371,sample_372,sample_373,sample_374,sample_375,sample_376,sample_377,sample_378,sample_379,sample_380,sample_381,sample_382,sample_383,sample_384,sample_385,sample_386,sample_387,sample_388,sample_389,sample_390,sample_391,sample_392,sample_393,sample_394,sample_395,sample_396,sample_397,sample_398,sample_399,sample_400,sample_401,sample_402,sample_403,sample_404,sample_405,sample_406,sample_407,sample_408,sample_409,sample_410,sample_411,sample_412,sample_413,sample_414,sample_415,sample_416,sample_417,sample_418,sample_419,sample_420,sample_421,sample_422,sample_423,sample_424,sample_425,sample_426,sample_427,sample_428,sample_429,sample_430,sample_431,sample_432,sample_433,sample_434,sample_435,sample_436,sample_437,sample_438,sample_439,sample_440,sample_441,sample_442,sample_443,sample_444,sample_445,sample_446,sample_447,sample_448,sample_449,sample_450,sample_451,sample_452,sample_453,sample_454,sample_455,sample_456,sample_457,sample_458,sample_459,sample_460,sample_461,sample_462,sample_463,sample_464,sample_465,sample_466,sample_467,sample_468,sample_469,sample_470,sample_471,sample_472,sample_473,sample_474,sample_475,sample_476,sample_477,sample_478,sample_479,sample_480,sample_481,sample_482,sample_483,sample_484,sample_485,sample_486,sample_487,sample_488,sample_489,sample_490,sample_491,sample_492,sample_493,sample_494,sample_495,sample_496,sample_497,sample_498,sample_499,sample_500,sample_501,sample_502,sample_503,sample_504,sample_505,sample_506,sample_507,sample_508,sample_509,sample_510,sample_511,sample_512,sample_513,sample_514,sample_515,sample_516,sample_517,sample_518,sample_519,sample_520,sample_521,sample_522,sample_523,sample_524,sample_525,sample_526,sample_527,sample_528,sample_529,sample_530,sample_531,sample_532,sample_533,sample_534,sample_535,sample_536,sample_537,sample_538,sample_539,sample_540,sample_541,sample_542,sample_543,sample_544,sample_545,sample_546,sample_547,sample_548,sample_549,sample_550,sample_551,sample_552,sample_553,sample_554,sample_555,sample_556,sample_557,sample_558,sample_559,sample_560,sample_561,sample_562,sample_563,sample_564,sample_565,sample_566,sample_567,sample_568,sample_569,sample_570,sample_571,sample_572,sample_573,sample_574,sample_575,sample_576,sample_577,sample_578,sample_579,sample_580,sample_581,sample_582,sample_583,sample_584,sample_585,sample_586,sample_587,sample_588,sample_589,sample_590,sample_591,sample_592,sample_593,sample_594,sample_595,sample_596,sample_597,sample_598,sample_599,sample_600,sample_601,sample_602,sample_603,sample_604,sample_605,sample_606,sample_607,sample_608,sample_609,sample_610,sample_611,sample_612,sample_613,sample_614,sample_615,sample_616,sample_617,sample_618,sample_619,sample_620,sample_621,sample_622,sample_623,sample_624,sample_625,sample_626,sample_627,sample_628,sample_629,sample_630,sample_631,sample_632,sample_633,sample_634,sample_635,sample_636,sample_637,sample_638,sample_639,sample_640,sample_641,sample_642,sample_643,sample_644,sample_645,sample_646,sample_647,sample_648,sample_649,sample_650,sample_651,sample_652,sample_653,sample_654,sample_655,sample_656,sample_657,sample_658,sample_659,sample_660,sample_661,sample_662,sample_663,sample_664,sample_665,sample_666,sample_667,sample_668,sample_669,sample_670,sample_671,sample_672,sample_673,sample_674,sample_675,sample_676,sample_677,sample_678,sample_679,sample_680,sample_681,sample_682,sample_683,sample_684,sample_685,sample_686,sample_687,sample_688,sample_689,sample_690,sample_691,sample_692,sample_693,sample_694,sample_695,sample_696,sample_697,sample_698,sample_699,sample_700,sample_701,sample_702,sample_703,sample_704,sample_705,sample_706,sample_707,sample_708,sample_709,sample_710,sample_711,sample_712,sample_713,sample_714,sample_715,sample_716,sample_717,sample_718,sample_719,sample_720,sample_721,sample_722,sample_723,sample_724,sample_725,sample_726,sample_727,sample_728,sample_729,sample_730,sample_731,sample_732,sample_733,sample_734,sample_735,sample_736,sample_737,sample_738,sample_739,sample_740,sample_741,sample_742,sample_743,sample_744,sample_745,sample_746,sample_747,sample_748,sample_749,sample_750,sample_751,sample_752,sample_753,sample_754,sample_755,sample_756,sample_757,sample_758,sample_759,sample_760,sample_761,sample_762,sample_763,sample_764,sample_765,sample_766,sample_767,sample_768,sample_769,sample_770,sample_771,sample_772,sample_773,sample_774,sample_775,sample_776,sample_777,sample_778,sample_779,sample_780,sample_781,sample_782,sample_783,sample_784,sample_785,sample_786,sample_787,sample_788,sample_789,sample_790,sample_791,sample_792,sample_793,sample_794,sample_795,sample_796,sample_797,sample_798,sample_799,sample_800,sample_801,sample_802,sample_803,sample_804,sample_805,sample_806,sample_807,sample_808,sample_809,sample_810,sample_811,sample_812,sample_813,sample_814,sample_815,sample_816,sample_817,sample_818,sample_819,sample_820,sample_821,sample_822,sample_823,sample_824,sample_825,sample_826,sample_827,sample_828,sample_829,sample_830,sample_831,sample_832,sample_833,sample_834,sample_835,sample_836,sample_837,sample_838,sample_839,sample_840,sample_841,sample_842,sample_843,sample_844,sample_845,sample_846,sample_847,sample_848,sample_849,sample_850,sample_851,sample_852,sample_853,sample_854,sample_855,sample_856,sample_857,sample_858,sample_859,sample_860,sample_861,sample_862,sample_863,sample_864,sample_865,sample_866,sample_867,sample_868,sample_869,sample_870,sample_871,sample_872,sample_873,sample_874,sample_875,sample_876,sample_877,sample_878,sample_879,sample_880,sample_881,sample_882,sample_883,sample_884,sample_885,sample_886,sample_887,sample_888,sample_889,sample_890,sample_891,sample_892,sample_893,sample_894,sample_895,sample_896,sample_897,sample_898,sample_899,sample_900,sample_901,sample_902,sample_903,sample_904,sample_905,sample_906,sample_907,sample_908,sample_909,sample_910,sample_911,sample_912,sample_913,sample_914,sample_915,sample_916,sample_917,sample_918,sample_919,sample_920,sample_921,sample_922,sample_923,sample_924,sample_925,sample_926,sample_927,sample_928,sample_929,sample_930,sample_931,sample_932,sample_933,sample_934,sample_935,sample_936,sample_937,sample_938,sample_939,sample_940,sample_941,sample_942,sample_943,sample_944,sample_945,sample_946,sample_947,sample_948,sample_949,sample_950,sample_951,sample_952,sample_953,sample_954,sample_955,sample_956,sample_957,sample_958,sample_959,sample_960,sample_961,sample_962,sample_963,sample_964,sample_965,sample_966,sample_967,sample_968,sample_969,sample_970,sample_971,sample_972,sample_973,sample_974,sample_975,sample_976,sample_977,sample_978,sample_979,sample_980,sample_981,sample_982,sample_983,sample_984,sample_985,sample_986,sample_987,sample_988,sample_989,sample_990,sample_991,sample_992,sample_993,sample_994,sample_995,sample_996,sample_997,sample_998,sample_999,sample_1000,sample_1001,sample_1002,sample_1003,sample_1004,sample_1005,sample_1006,sample_1007,sample_1008,sample_1009,sample_1010,sample_1011,sample_1012,sample_1013,sample_1014,sample_1015,sample_1016,sample_1017,sample_1018,sample_1019,sample_1020,sample_1021,sample_1022,sample_1023,sample_1024,sample_1025,sample_1026,sample_1027,sample_1028,sample_1029,sample_1030,sample_1031,sample_1032,sample_1033,sample_1034,sample_1035,sample_1036,sample_1037,sample_1038,sample_1039,sample_1040,sample_1041,sample_1042,sample_1043,sample_1044,sample_1045,sample_1046,sample_1047,sample_1048,sample_1049,sample_1050,sample_1051,sample_1052,sample_1053,sample_1054,sample_1055,sample_1056,sample_1057,sample_1058,sample_1059,sample_1060,sample_1061,sample_1062,sample_1063,sample_1064,sample_1065,sample_1066,sample_1067,sample_1068,sample_1069,sample_1070,sample_1071,sample_1072,sample_1073,sample_1074,sample_1075,sample_1076,sample_1077,sample_1078,sample_1079,sample_1080,sample_1081,sample_1082,sample_1083,sample_1084,sample_1085,sample_1086,sample_1087,sample_1088,sample_1089,sample_1090,sample_1091,sample_1092,sample_1093,sample_1094,sample_1095,sample_1096,sample_1097,sample_1098,sample_1099,sample_1100,sample_1101,sample_1102,sample_1103,sample_1104,sample_1105,sample_1106,sample_1107,sample_1108,sample_1109,sample_1110,sample_1111,sample_1112,sample_1113,sample_1114,sample_1115,sample_1116,sample_1117,sample_1118,sample_1119,sample_1120,sample_1121,sample_1122,sample_1123,sample_1124,sample_1125,sample_1126,sample_1127,sample_1128,sample_1129,sample_1130,sample_1131,sample_1132,sample_1133,sample_1134,sample_1135,sample_1136,sample_1137,sample_1138,sample_1139,sample_1140,sample_1141,sample_1142,sample_1143,sample_1144,sample_1145,sample_1146,sample_1147,sample_1148,sample_1149,sample_1150,sample_1151,sample_1152,sample_1153,sample_1154,sample_1155,sample_1156,sample_1157,sample_1158,sample_1159,sample_1160,sample_1161,sample_1162,sample_1163,sample_1164,sample_1165,sample_1166,sample_1167,sample_1168,sample_1169,sample_1170,sample_1171,sample_1172,sample_1173,sample_1174,sample_1175,sample_1176,sample_1177,sample_1178,sample_1179,sample_1180,sample_1181,sample_1182,sample_1183,sample_1184,sample_1185,sample_1186,sample_1187,sample_1188,sample_1189,sample_1190,sample_1191,sample_1192,sample_1193,sample_1194,sample_1195,sample_1196,sample_1197,sample_1198,sample_1199,sample_1200,sample_1201,sample_1202,sample_1203,sample_1204,sample_1205,sample_1206,sample_1207,sample_1208,sample_1209,sample_1210,sample_1211,sample_1212,sample_1213,sample_1214,sample_1215,sample_1216,sample_1217,sample_1218,sample_1219,sample_1220,sample_1221,sample_1222,sample_1223,sample_1224,sample_1225,sample_1226,sample_1227,sample_1228,sample_1229,sample_1230,sample_1231,sample_1232,sample_1233,sample_1234,sample_1235,sample_1236,sample_1237,sample_1238,sample_1239,sample_1240,sample_1241,sample_1242,sample_1243,sample_1244,sample_1245,sample_1246,sample_1247,sample_1248,sample_1249,sample_1250,sample_1251,sample_1252,sample_1253,sample_1254,sample_1255,sample_1256,sample_1257,sample_1258,sample_1259,sample_1260,sample_1261,sample_1262,sample_1263,sample_1264,sample_1265,sample_1266,sample_1267,sample_1268,sample_1269,sample_1270,sample_1271,sample_1272,sample_1273,sample_1274,sample_1275,sample_1276,sample_1277,sample_1278,sample_1279,sample_1280,sample_1281,sample_1282,sample_1283,sample_1284,sample_1285,sample_1286,sample_1287,sample_1288,sample_1289,sample_1290,sample_1291,sample_1292,sample_1293,sample_1294,sample_1295,sample_1296,sample_1297,sample_1298,sample_1299,sample_1300,sample_1301,sample_1302,sample_1303,sample_1304,sample_1305,sample_1306,sample_1307,sample_1308,sample_1309,sample_1310,sample_1311,sample_1312,sample_1313,sample_1314,sample_1315,sample_1316,sample_1317,sample_1318,sample_1319,sample_1320,sample_1321,sample_1322,sample_1323,sample_1324,sample_1325,sample_1326,sample_1327,sample_1328,sample_1329,sample_1330,sample_1331,sample_1332,sample_1333,sample_1334,sample_1335,sample_1336,sample_1337,sample_1338,sample_1339,sample_1340,sample_1341,sample_1342,sample_1343,sample_1344,sample_1345,sample_1346,sample_1347,sample_1348,sample_1349,sample_1350,sample_1351,sample_1352,sample_1353,sample_1354,sample_1355,sample_1356,sample_1357,sample_1358,sample_1359,sample_1360,sample_1361,sample_1362,sample_1363,sample_1364,sample_1365,sample_1366,sample_1367,sample_1368,sample_1369,sample_1370,sample_1371,sample_1372,sample_1373,sample_1374,sample_1375,sample_1376,sample_1377,sample_1378,sample_1379,sample_1380,sample_1381,sample_1382,sample_1383,sample_1384,sample_1385,sample_1386,sample_1387,sample_1388,sample_1389,sample_1390,sample_1391,sample_1392,sample_1393,sample_1394,sample_1395,sample_1396,sample_1397,sample_1398,sample_1399,sample_1400,sample_1401,sample_1402,sample_1403,sample_1404,sample_1405,sample_1406,sample_1407,sample_1408,sample_1409,sample_1410,sample_1411,sample_1412,sample_1413,sample_1414,sample_1415,sample_1416,sample_1417,sample_1418,sample_1419,sample_1420,sample_1421,sample_1422,sample_1423,sample_1424,sample_1425,sample_1426,sample_1427,sample_1428,sample_1429,sample_1430,sample_1431,sample_1432,sample_1433,sample_1434,sample_1435,sample_1436,sample_1437,sample_1438,sample_1439,sample_1440,sample_1441,sample_1442,sample_1443,sample_1444,sample_1445,sample_1446,sample_1447,sample_1448,sample_1449,sample_1450,sample_1451,sample_1452,sample_1453,sample_1454,sample_1455,sample_1456,sample_1457,sample_1458,sample_1459,sample_1460,sample_1461,sample_1462,sample_1463,sample_1464,sample_1465,sample_1466,sample_1467,sample_1468,sample_1469,sample_1470,sample_1471,sample_1472,sample_1473,sample_1474,sample_1475,sample_1476,sample_1477,sample_1478,sample_1479,sample_1480,sample_1481,sample_1482,sample_1483,sample_1484,sample_1485,sample_1486,sample_1487,sample_1488,sample_1489,sample_1490,sample_1491,sample_1492,sample_1493,sample_1494,sample_1495,sample_1496,sample_1497,sample_1498,sample_1499,sample_1500,sample_1501,sample_1502,sample_1503,sample_1504,sample_1505,sample_1506,sample_1507,sample_1508,sample_1509,sample_1510,sample_1511,sample_1512,sample_1513,sample_1514,sample_1515,sample_1516,sample_1517,sample_1518,sample_1519,sample_1520,sample_1521,sample_1522,sample_1523,sample_1524,sample_1525,sample_1526,sample_1527,sample_1528,sample_1529,sample_1530,sample_1531,sample_1532,sample_1533,sample_1534,sample_1535,sample_1536,sample_1537,sample_1538,sample_1539,sample_1540,sample_1541,sample_1542,sample_1543,sample_1544,sample_1545,sample_1546,sample_1547,sample_1548,sample_1549,sample_1550,sample_1551,sample_1552,sample_1553,sample_1554,sample_1555,sample_1556,sample_1557,sample_1558,sample_1559,sample_1560,sample_1561,sample_1562,sample_1563,sample_1564,sample_1565,sample_1566,sample_1567,sample_1568,sample_1569,sample_1570,sample_1571,sample_1572,sample_1573,sample_1574,sample_1575,sample_1576,sample_1577,sample_1578,sample_1579,sample_1580,sample_1581,sample_1582,sample_1583,sample_1584,sample_1585,sample_1586,sample_1587,sample_1588,sample_1589,sample_1590,sample_1591,sample_1592,sample_1593,sample_1594,sample_1595,sample_1596,sample_1597,sample_1598,sample_1599,sample_1600,sample_1601,sample_1602,sample_1603,sample_1604,sample_1605,sample_1606,sample_1607,sample_1608,sample_1609,sample_1610,sample_1611,sample_1612,sample_1613,sample_1614,sample_1615,sample_1616,sample_1617,sample_1618,sample_1619,sample_1620,sample_1621,sample_1622,sample_1623,sample_1624,sample_1625,sample_1626,sample_1627,sample_1628,sample_1629,sample_1630,sample_1631,sample_1632,sample_1633,sample_1634,sample_1635,sample_1636,sample_1637,sample_1638,sample_1639,sample_1640,sample_1641,sample_1642,sample_1643,sample_1644,sample_1645,sample_1646,sample_1647,sample_1648,sample_1649,sample_1650,sample_1651,sample_1652,sample_1653,sample_1654,sample_1655,sample_1656,sample_1657,sample_1658,sample_1659,sample_1660,sample_1661,sample_1662,sample_1663,sample_1664,sample_1665,sample_1666,sample_1667,sample_1668,sample_1669,sample_1670,sample_1671,sample_1672,sample_1673,sample_1674,sample_1675,sample_1676,sample_1677,sample_1678,sample_1679,sample_1680,sample_1681,sample_1682,sample_1683,sample_1684,sample_1685,sample_1686,sample_1687,sample_1688,sample_1689,sample_1690,sample_1691,sample_1692,sample_1693,sample_1694,sample_1695,sample_1696,sample_1697,sample_1698,sample_1699,sample_1700,sample_1701,sample_1702,sample_1703,sample_1704,sample_1705,sample_1706,sample_1707,sample_1708,sample_1709,sample_1710,sample_1711,sample_1712,sample_1713,sample_1714,sample_1715,sample_1716,sample_1717,sample_1718,sample_1719,sample_1720,sample_1721,sample_1722,sample_1723,sample_1724,sample_1725,sample_1726,sample_1727,sample_1728,sample_1729,sample_1730,sample_1731,sample_1732,sample_1733,sample_1734,sample_1735,sample_1736,sample_1737,sample_1738,sample_1739,sample_1740,sample_1741,sample_1742,sample_1743,sample_1744,sample_1745,sample_1746,sample_1747,sample_1748,sample_1749,sample_1750,sample_1751,sample_1752,sample_1753,sample_1754,sample_1755,sample_1756,sample_1757,sample_1758,sample_1759,sample_1760,sample_1761,sample_1762,sample_1763,sample_1764,sample_1765,sample_1766,sample_1767,sample_1768,sample_1769,sample_1770,sample_1771,sample_1772,sample_1773,sample_1774,sample_1775,sample_1776,sample_1777,sample_1778,sample_1779,sample_1780,sample_1781,sample_1782,sample_1783,sample_1784,sample_1785,sample_1786,sample_1787,sample_1788,sample_1789,sample_1790,sample_1791,sample_1792,sample_1793,sample_1794,sample_1795,sample_1796,sample_1797,sample_1798,sample_1799,sample_1800,sample_1801,sample_1802,sample_1803,sample_1804,sample_1805,sample_1806,sample_1807,sample_1808,sample_1809,sample_1810,sample_1811,sample_1812,sample_1813,sample_1814,sample_1815,sample_1816,sample_1817,sample_1818,sample_1819,sample_1820,sample_1821,sample_1822,sample_1823,sample_1824,sample_1825,sample_1826,sample_1827,sample_1828,sample_1829,sample_1830,sample_1831,sample_1832,sample_1833,sample_1834,sample_1835,sample_1836,sample_1837,sample_1838,sample_1839,sample_1840,sample_1841,sample_1842,sample_1843,sample_1844,sample_1845,sample_1846,sample_1847,sample_1848,sample_1849,sample_1850,sample_1851,sample_1852,sample_1853,sample_1854,sample_1855,sample_1856,sample_1857,sample_1858,sample_1859,sample_1860,sample_1861,sample_1862,sample_1863,sample_1864,sample_1865,sample_1866,sample_1867,sample_1868,sample_1869,sample_1870,sample_1871,sample_1872,sample_1873,sample_1874,sample_1875,sample_1876,sample_1877,sample_1878,sample_1879,sample_1880,sample_1881,sample_1882,sample_1883,sample_1884,sample_1885,sample_1886,sample_1887,sample_1888,sample_1889,sample_1890,sample_1891,sample_1892,sample_1893,sample_1894,sample_1895,sample_1896,sample_1897,sample_1898,sample_1899,sample_1900,sample_1901,sample_1902,sample_1903,sample_1904,sample_1905,sample_1906,sample_1907,sample_1908,sample_1909,sample_1910,sample_1911,sample_1912,sample_1913,sample_1914,sample_1915,sample_1916,sample_1917,sample_1918,sample_1919,sample_1920,sample_1921,sample_1922,sample_1923,sample_1924,sample_1925,sample_1926,sample_1927,sample_1928,sample_1929,sample_1930,sample_1931,sample_1932,sample_1933,sample_1934,sample_1935,sample_1936,sample_1937,sample_1938,sample_1939,sample_1940,sample_1941,sample_1942,sample_1943,sample_1944,sample_1945,sample_1946,sample_1947,sample_1948,sample_1949,sample_1950,sample_1951,sample_1952,sample_1953,sample_1954,sample_1955,sample_1956,sample_1957,sample_1958,sample_1959,sample_1960,sample_1961,sample_1962,sample_1963,sample_1964,sample_1965,sample_1966,sample_1967,sample_1968,sample_1969,sample_1970,sample_1971,sample_1972,sample_1973,sample_1974,sample_1975,sample_1976,sample_1977,sample_1978,sample_1979,sample_1980,sample_1981,sample_1982,sample_1983,sample_1984,sample_1985,sample_1986,sample_1987,sample_1988,sample_1989,sample_1990,sample_1991,sample_1992,sample_1993,sample_1994,sample_1995,sample_1996,sample_1997,sample_1998,sample_1999,sample_2000,sample_2001,sample_2002,sample_2003,sample_2004,sample_2005,sample_2006,sample_2007,sample_2008,sample_2009,sample_2010,sample_2011,sample_2012,sample_2013,sample_2014,sample_2015,sample_2016,sample_2017,sample_2018,sample_2019,sample_2020,sample_2021,sample_2022,sample_2023,sample_2024,sample_2025,sample_2026,sample_2027,sample_2028,sample_2029,sample_2030,sample_2031,sample_2032,sample_2033,sample_2034,sample_2035,sample_2036,sample_2037,sample_2038,sample_2039,sample_2040,sample_2041,sample_2042,sample_2043,sample_2044,sample_2045,sample_2046,sample_2047,sample_2048,sample_2049,sample_2050,sample_2051,sample_2052,sample_2053,sample_2054,sample_2055,sample_2056,sample_2057,sample_2058,sample_2059,sample_2060,sample_2061,sample_2062,sample_2063,sample_2064,sample_2065,sample_2066,sample_2067,sample_2068,sample_2069,sample_2070,sample_2071,sample_2072,sample_2073,sample_2074,sample_2075,sample_2076,sample_2077,sample_2078,sample_2079,sample_2080,sample_2081,sample_2082,sample_2083,sample_2084,sample_2085,sample_2086,sample_2087,sample_2088,sample_2089,sample_2090,sample_2091,sample_2092,sample_2093,sample_2094,sample_2095,sample_2096,sample_2097,sample_2098,sample_2099,sample_2100,sample_2101,sample_2102,sample_2103,sample_2104,sample_2105,sample_2106,sample_2107,sample_2108,sample_2109,sample_2110,sample_2111,sample_2112,sample_2113,sample_2114,sample_2115,sample_2116,sample_2117,sample_2118,sample_2119,sample_2120,sample_2121,sample_2122,sample_2123,sample_2124,sample_2125,sample_2126,sample_2127,sample_2128,sample_2129,sample_2130,sample_2131,sample_2132,sample_2133,sample_2134,sample_2135,sample_2136,sample_2137,sample_2138,sample_2139,sample_2140,sample_2141,sample_2142,sample_2143,sample_2144,sample_2145,sample_2146,sample_2147,sample_2148,sample_2149,sample_2150,sample_2151,sample_2152,sample_2153,sample_2154,sample_2155,sample_2156,sample_2157,sample_2158,sample_2159,sample_2160,sample_2161,sample_2162,sample_2163,sample_2164,sample_2165,sample_2166,sample_2167,sample_2168,sample_2169,sample_2170,sample_2171,sample_2172,sample_2173,sample_2174,sample_2175,sample_2176,sample_2177,sample_2178,sample_2179,sample_2180,sample_2181,sample_2182,sample_2183,sample_2184,sample_2185,sample_2186,sample_2187,sample_2188,sample_2189,sample_2190,sample_2191,sample_2192,sample_2193,sample_2194,sample_2195,sample_2196,sample_2197,sample_2198,sample_2199,sample_2200,sample_2201,sample_2202,sample_2203,sample_2204,sample_2205,sample_2206,sample_2207,sample_2208,sample_2209,sample_2210,sample_2211,sample_2212,sample_2213,sample_2214,sample_2215,sample_2216,sample_2217,sample_2218,sample_2219,sample_2220,sample_2221,sample_2222,sample_2223,sample_2224,sample_2225,sample_2226,sample_2227,sample_2228,sample_2229,sample_2230,sample_2231,sample_2232,sample_2233,sample_2234,sample_2235,sample_2236,sample_2237,sample_2238,sample_2239,sample_2240,sample_2241,sample_2242,sample_2243,sample_2244,sample_2245,sample_2246,sample_2247,sample_2248,sample_2249,sample_2250,sample_2251,sample_2252,sample_2253,sample_2254,sample_2255,sample_2256,sample_2257,sample_2258,sample_2259,sample_2260,sample_2261,sample_2262,sample_2263,sample_2264,sample_2265,sample_2266,sample_2267,sample_2268,sample_2269,sample_2270,sample_2271,sample_2272,sample_2273,sample_2274,sample_2275,sample_2276,sample_2277,sample_2278,sample_2279,sample_2280,sample_2281,sample_2282,sample_2283,sample_2284,sample_2285,sample_2286,sample_2287,sample_2288,sample_2289,sample_2290,sample_2291,sample_2292,sample_2293,sample_2294,sample_2295,sample_2296,sample_2297,sample_2298,sample_2299,sample_2300,sample_2301,sample_2302,sample_2303,sample_2304,sample_2305,sample_2306,sample_2307,sample_2308,sample_2309,sample_2310,sample_2311,sample_2312,sample_2313,sample_2314,sample_2315,sample_2316,sample_2317,sample_2318,sample_2319,sample_2320,sample_2321,sample_2322,sample_2323,sample_2324,sample_2325,sample_2326,sample_2327,sample_2328,sample_2329,sample_2330,sample_2331,sample_2332,sample_2333,sample_2334,sample_2335,sample_2336,sample_2337,sample_2338,sample_2339,sample_2340,sample_2341,sample_2342,sample_2343,sample_2344,sample_2345,sample_2346,sample_2347,sample_2348,sample_2349,sample_2350,sample_2351,sample_2352,sample_2353,sample_2354,sample_2355,sample_2356,sample_2357,sample_2358,sample_2359,sample_2360,sample_2361,sample_2362,sample_2363,sample_2364,sample_2365,sample_2366,sample_2367,sample_2368,sample_2369,sample_2370,sample_2371,sample_2372,sample_2373,sample_2374,sample_2375,sample_2376,sample_2377,sample_2378,sample_2379,sample_2380,sample_2381,sample_2382,sample_2383,sample_2384,sample_2385,sample_2386,sample_2387,sample_2388,sample_2389,sample_2390,sample_2391,sample_2392,sample_2393,sample_2394,sample_2395,sample_2396,sample_2397,sample_2398,sample_2399,sample_2400,sample_2401,sample_2402,sample_2403,sample_2404,sample_2405,sample_2406,sample_2407,sample_2408,sample_2409,sample_2410,sample_2411,sample_2412,sample_2413,sample_2414,sample_2415,sample_2416,sample_2417,sample_2418,sample_2419,sample_2420,sample_2421,sample_2422,sample_2423,sample_2424,sample_2425,sample_2426,sample_2427,sample_2428,sample_2429,sample_2430,sample_2431,sample_2432,sample_2433,sample_2434,sample_2435,sample_2436,sample_2437,sample_2438,sample_2439,sample_2440,sample_2441,sample_2442,sample_2443,sample_2444,sample_2445,sample_2446,sample_2447,sample_2448,sample_2449,sample_2450,sample_2451,sample_2452,sample_2453,sample_2454,sample_2455,sample_2456,sample_2457,sample_2458,sample_2459,sample_2460,sample_2461,sample_2462,sample_2463,sample_2464,sample_2465,sample_2466,sample_2467,sample_2468,sample_2469,sample_2470,sample_2471,sample_2472,sample_2473,sample_2474,sample_2475,sample_2476,sample_2477,sample_2478,sample_2479,sample_2480,sample_2481,sample_2482,sample_2483,sample_2484,sample_2485,sample_2486,sample_2487,sample_2488,sample_2489,sample_2490,sample_2491,sample_2492,sample_2493,sample_2494,sample_2495,sample_2496,sample_2497,sample_2498,sample_2499,sample_2500,sample_2501,sample_2502,sample_2503,sample_2504,sample_2505,sample_2506,sample_2507,sample_2508,sample_2509,sample_2510,sample_2511,sample_2512,sample_2513,sample_2514,sample_2515,sample_2516,sample_2517,sample_2518,sample_2519,sample_2520,sample_2521,sample_2522,sample_2523,sample_2524,sample_2525,sample_2526,sample_2527,sample_2528,sample_2529,sample_2530,sample_2531,sample_2532,sample_2533,sample_2534,sample_2535,sample_2536,sample_2537,sample_2538,sample_2539,sample_2540,sample_2541,sample_2542,sample_2543,sample_2544,sample_2545,sample_2546,sample_2547,sample_2548,sample_2549,sample_2550,sample_2551,sample_2552,sample_2553,sample_2554,sample_2555,sample_2556,sample_2557,sample_2558,sample_2559,sample_2560,sample_2561,sample_2562,sample_2563,sample_2564,sample_2565,sample_2566,sample_2567,sample_2568,sample_2569,sample_2570,sample_2571,sample_2572,sample_2573,sample_2574,sample_2575,sample_2576,sample_2577,sample_2578,sample_2579,sample_2580,sample_2581,sample_2582,sample_2583,sample_2584,sample_2585,sample_2586,sample_2587,sample_2588,sample_2589,sample_2590,sample_2591,sample_2592,sample_2593,sample_2594,sample_2595,sample_2596,sample_2597,sample_2598,sample_2599,sample_2600,sample_2601,sample_2602,sample_2603,sample_2604,sample_2605,sample_2606,sample_2607,sample_2608,sample_2609,sample_2610,sample_2611,sample_2612,sample_2613,sample_2614,sample_2615,sample_2616,sample_2617,sample_2618,sample_2619,sample_2620,sample_2621,sample_2622,sample_2623,sample_2624,sample_2625,sample_2626,sample_2627,sample_2628,sample_2629,sample_2630,sample_2631,sample_2632,sample_2633,sample_2634,sample_2635,sample_2636,sample_2637,sample_2638,sample_2639,sample_2640,sample_2641,sample_2642,sample_2643,sample_2644,sample_2645,sample_2646,sample_2647,sample_2648,sample_2649,sample_2650,sample_2651,sample_2652,sample_2653,sample_2654,sample_2655,sample_2656,sample_2657,sample_2658,sample_2659,sample_2660,sample_2661,sample_2662,sample_2663,sample_2664,sample_2665,sample_2666,sample_2667,sample_2668,sample_2669,sample_2670,sample_2671,sample_2672,sample_2673,sample_2674,sample_2675,sample_2676,sample_2677,sample_2678,sample_2679,sample_2680,sample_2681,sample_2682,sample_2683,sample_2684,sample_2685,sample_2686,sample_2687,sample_2688,sample_2689,sample_2690,sample_2691,sample_2692,sample_2693,sample_2694,sample_2695,sample_2696,sample_2697,sample_2698,sample_2699,sample_2700,sample_2701,sample_2702,sample_2703,sample_2704,sample_2705,sample_2706,sample_2707,sample_2708,sample_2709,sample_2710,sample_2711,sample_2712,sample_2713,sample_2714,sample_2715,sample_2716,sample_2717,sample_2718,sample_2719,sample_2720,sample_2721,sample_2722,sample_2723,sample_2724,sample_2725,sample_2726,sample_2727,sample_2728,sample_2729,sample_2730,sample_2731,sample_2732,sample_2733,sample_2734,sample_2735,sample_2736,sample_2737,sample_2738,sample_2739,sample_2740,sample_2741,sample_2742,sample_2743,sample_2744,sample_2745,sample_2746,sample_2747,sample_2748,sample_2749,sample_2750,sample_2751,sample_2752,sample_2753,sample_2754,sample_2755,sample_2756,sample_2757,sample_2758,sample_2759,sample_2760,sample_2761,sample_2762,sample_2763,sample_2764,sample_2765,sample_2766,sample_2767,sample_2768,sample_2769,sample_2770,sample_2771,sample_2772,sample_2773,sample_2774,sample_2775,sample_2776,sample_2777,sample_2778,sample_2779,sample_2780,sample_2781,sample_2782,sample_2783,sample_2784,sample_2785,sample_2786,sample_2787,sample_2788,sample_2789,sample_2790,sample_2791,sample_2792,sample_2793,sample_2794,sample_2795,sample_2796,sample_2797,sample_2798,sample_2799,sample_2800,sample_2801,sample_2802,sample_2803,sample_2804,sample_2805,sample_2806,sample_2807,sample_2808,sample_2809,sample_2810,sample_2811,sample_2812,sample_2813,sample_2814,sample_2815,sample_2816,sample_2817,sample_2818,sample_2819,sample_2820,sample_2821,sample_2822,sample_2823,sample_2824,sample_2825,sample_2826,sample_2827,sample_2828,sample_2829,sample_2830,sample_2831,sample_2832,sample_2833,sample_2834,sample_2835,sample_2836,sample_2837,sample_2838,sample_2839,sample_2840,sample_2841,sample_2842,sample_2843,sample_2844,sample_2845,sample_2846,sample_2847,sample_2848,sample_2849,sample_2850,sample_2851,sample_2852,sample_2853,sample_2854,sample_2855,sample_2856,sample_2857,sample_2858,sample_2859,sample_2860,sample_2861,sample_2862,sample_2863,sample_2864,sample_2865,sample_2866,sample_2867,sample_2868,sample_2869,sample_2870,sample_2871,sample_2872,sample_2873,sample_2874,sample_2875,sample_2876,sample_2877,sample_2878,sample_2879,sample_2880,sample_2881,sample_2882,sample_2883,sample_2884,sample_2885,sample_2886,sample_2887,sample_2888,sample_2889,sample_2890,sample_2891,sample_2892,sample_2893,sample_2894,sample_2895,sample_2896,sample_2897,sample_2898,sample_2899,sample_2900,sample_2901,sample_2902,sample_2903,sample_2904,sample_2905,sample_2906,sample_2907,sample_2908,sample_2909,sample_2910,sample_2911,sample_2912,sample_2913,sample_2914,sample_2915,sample_2916,sample_2917,sample_2918,sample_2919,sample_2920,sample_2921,sample_2922,sample_2923,sample_2924,sample_2925,sample_2926,sample_2927,sample_2928,sample_2929,sample_2930,sample_2931,sample_2932,sample_2933,sample_2934,sample_2935,sample_2936,sample_2937,sample_2938,sample_2939,sample_2940,sample_2941,sample_2942,sample_2943,sample_2944,sample_2945,sample_2946,sample_2947,sample_2948,sample_2949,sample_2950,sample_2951,sample_2952,sample_2953,sample_2954,sample_2955,sample_2956,sample_2957,sample_2958,sample_2959,sample_2960,sample_2961,sample_2962,sample_2963,sample_2964,sample_2965,sample_2966,sample_2967,sample_2968,sample_2969,sample_2970,sample_2971,sample_2972,sample_2973,sample_2974,sample_2975,sample_2976,sample_2977,sample_2978,sample_2979,sample_2980,sample_2981,sample_2982,sample_2983,sample_2984,sample_2985,sample_2986,sample_2987,sample_2988,sample_2989,sample_2990,sample_2991,sample_2992,sample_2993,sample_2994,sample_2995,sample_2996,sample_2997,sample_2998,sample_2999,sample_3000,sample_3001,sample_3002,sample_3003,sample_3004,sample_3005,sample_3006,sample_3007,sample_3008,sample_3009,sample_3010,sample_3011,sample_3012,sample_3013,sample_3014,sample_3015,sample_3016,sample_3017,sample_3018,sample_3019,sample_3020,sample_3021,sample_3022,sample_3023,sample_3024,sample_3025,sample_3026,sample_3027,sample_3028,sample_3029,sample_3030,sample_3031,sample_3032,sample_3033,sample_3034,sample_3035,sample_3036,sample_3037,sample_3038,sample_3039,sample_3040,sample_3041,sample_3042,sample_3043,sample_3044,sample_3045,sample_3046,sample_3047,sample_3048,sample_3049,sample_3050,sample_3051,sample_3052,sample_3053,sample_3054,sample_3055,sample_3056,sample_3057,sample_3058,sample_3059,sample_3060,sample_3061,sample_3062,sample_3063,sample_3064,sample_3065,sample_3066,sample_3067,sample_3068,sample_3069,sample_3070,sample_3071,sample_3072,sample_3073,sample_3074,sample_3075,sample_3076,sample_3077,sample_3078,sample_3079,sample_3080,sample_3081,sample_3082,sample_3083,sample_3084,sample_3085,sample_3086,sample_3087,sample_3088,sample_3089,sample_3090,sample_3091,sample_3092,sample_3093,sample_3094,sample_3095,sample_3096,sample_3097,sample_3098,sample_3099,sample_3100,sample_3101,sample_3102,sample_3103,sample_3104,sample_3105,sample_3106,sample_3107,sample_3108,sample_3109,sample_3110,sample_3111,sample_3112,sample_3113,sample_3114,sample_3115,sample_3116,sample_3117,sample_3118,sample_3119,sample_3120,sample_3121,sample_3122,sample_3123,sample_3124,sample_3125,sample_3126,sample_3127,sample_3128,sample_3129,sample_3130,sample_3131,sample_3132,sample_3133,sample_3134,sample_3135,sample_3136,sample_3137,sample_3138,sample_3139,sample_3140,sample_3141,sample_3142,sample_3143,sample_3144,sample_3145,sample_3146,sample_3147,sample_3148,sample_3149,sample_3150,sample_3151,sample_3152,sample_3153,sample_3154,sample_3155,sample_3156,sample_3157,sample_3158,sample_3159,sample_3160,sample_3161,sample_3162,sample_3163,sample_3164,sample_3165,sample_3166,sample_3167,sample_3168,sample_3169,sample_3170,sample_3171,sample_3172,sample_3173,sample_3174,sample_3175,sample_3176,sample_3177,sample_3178,sample_3179,sample_3180,sample_3181,sample_3182,sample_3183,sample_3184,sample_3185,sample_3186,sample_3187,sample_3188,sample_3189,sample_3190,sample_3191,sample_3192,sample_3193,sample_3194,sample_3195,sample_3196,sample_3197,sample_3198,sample_3199,sample_3200,sample_3201,sample_3202,sample_3203,sample_3204,sample_3205,sample_3206,sample_3207,sample_3208,sample_3209,sample_3210,sample_3211,sample_3212,sample_3213,sample_3214,sample_3215,sample_3216,sample_3217,sample_3218,sample_3219,sample_3220,sample_3221,sample_3222,sample_3223,sample_3224,sample_3225,sample_3226,sample_3227,sample_3228,sample_3229,sample_3230,sample_3231,sample_3232,sample_3233,sample_3234,sample_3235,sample_3236,sample_3237,sample_3238,sample_3239,sample_3240,sample_3241,sample_3242,sample_3243,sample_3244,sample_3245,sample_3246,sample_3247,sample_3248,sample_3249,sample_3250,sample_3251,sample_3252,sample_3253,sample_3254,sample_3255,sample_3256,sample_3257,sample_3258,sample_3259,sample_3260,sample_3261,sample_3262,sample_3263,sample_3264,sample_3265,sample_3266,sample_3267,sample_3268,sample_3269,sample_3270,sample_3271,sample_3272,sample_3273,sample_3274,sample_3275,sample_3276,sample_3277,sample_3278,sample_3279,sample_3280,sample_3281,sample_3282,sample_3283,sample_3284,sample_3285,sample_3286,sample_3287,sample_3288,sample_3289,sample_3290,sample_3291,sample_3292,sample_3293,sample_3294,sample_3295,sample_3296,sample_3297,sample_3298,sample_3299,sample_3300,sample_3301,sample_3302,sample_3303,sample_3304,sample_3305,sample_3306,sample_3307,sample_3308,sample_3309,sample_3310,sample_3311,sample_3312,sample_3313,sample_3314,sample_3315,sample_3316,sample_3317,sample_3318,sample_3319,sample_3320,sample_3321,sample_3322,sample_3323,sample_3324,sample_3325,sample_3326,sample_3327,sample_3328,sample_3329,sample_3330,sample_3331,sample_3332,sample_3333,sample_3334,sample_3335,sample_3336,sample_3337,sample_3338,sample_3339,sample_3340,sample_3341,sample_3342,sample_3343,sample_3344,sample_3345,sample_3346,sample_3347,sample_3348,sample_3349,sample_3350,sample_3351,sample_3352,sample_3353,sample_3354,sample_3355,sample_3356,sample_3357,sample_3358,sample_3359,sample_3360,sample_3361,sample_3362,sample_3363,sample_3364,sample_3365,sample_3366,sample_3367,sample_3368,sample_3369,sample_3370,sample_3371,sample_3372,sample_3373,sample_3374,sample_3375,sample_3376,sample_3377,sample_3378,sample_3379,sample_3380,sample_3381,sample_3382,sample_3383,sample_3384,sample_3385,sample_3386,sample_3387,sample_3388,sample_3389,sample_3390,sample_3391,sample_3392,sample_3393,sample_3394,sample_3395,sample_3396,sample_3397,sample_3398,sample_3399,sample_3400,sample_3401,sample_3402,sample_3403,sample_3404,sample_3405,sample_3406,sample_3407,sample_3408,sample_3409,sample_3410,sample_3411,sample_3412,sample_3413,sample_3414,sample_3415,sample_3416,sample_3417,sample_3418,sample_3419,sample_3420,sample_3421,sample_3422,sample_3423,sample_3424,sample_3425,sample_3426,sample_3427,sample_3428,sample_3429,sample_3430,sample_3431,sample_3432,sample_3433,sample_3434,sample_3435,sample_3436,sample_3437,sample_3438,sample_3439,sample_3440,sample_3441,sample_3442,sample_3443,sample_3444,sample_3445,sample_3446,sample_3447,sample_3448,sample_3449,sample_3450,sample_3451,sample_3452,sample_3453,sample_3454,sample_3455,sample_3456,sample_3457,sample_3458,sample_3459,sample_3460,sample_3461,sample_3462,sample_3463,sample_3464,sample_3465,sample_3466,sample_3467,sample_3468,sample_3469,sample_3470,sample_3471,sample_3472,sample_3473,sample_3474,sample_3475,sample_3476,sample_3477,sample_3478,sample_3479,sample_3480,sample_3481,sample_3482,sample_3483,sample_3484,sample_3485,sample_3486,sample_3487,sample_3488,sample_3489,sample_3490,sample_3491,sample_3492,sample_3493,sample_3494,sample_3495,sample_3496,sample_3497,sample_3498,sample_3499,sample_3500,sample_3501,sample_3502,sample_3503,sample_3504,sample_3505,sample_3506,sample_3507,sample_3508,sample_3509,sample_3510,sample_3511,sample_3512,sample_3513,sample_3514,sample_3515,sample_3516,sample_3517,sample_3518,sample_3519,sample_3520,sample_3521,sample_3522,sample_3523,sample_3524,sample_3525,sample_3526,sample_3527,sample_3528,sample_3529,sample_3530,sample_3531,sample_3532,sample_3533,sample_3534,sample_3535,sample_3536,sample_3537,sample_3538,sample_3539,sample_3540,sample_3541,sample_3542,sample_3543,sample_3544,sample_3545,sample_3546,sample_3547,sample_3548,sample_3549,sample_3550,sample_3551,sample_3552,sample_3553,sample_3554,sample_3555,sample_3556,sample_3557,sample_3558,sample_3559,sample_3560,sample_3561,sample_3562,sample_3563,sample_3564,sample_3565,sample_3566,sample_3567,sample_3568,sample_3569,sample_3570,sample_3571,sample_3572,sample_3573,sample_3574,sample_3575,sample_3576,sample_3577,sample_3578,sample_3579,sample_3580,sample_3581,sample_3582,sample_3583,sample_3584,sample_3585,sample_3586,sample_3587,sample_3588,sample_3589,sample_3590,sample_3591,sample_3592,sample_3593,sample_3594,sample_3595,sample_3596,sample_3597,sample_3598,sample_3599,sample_3600,sample_3601,sample_3602,sample_3603,sample_3604,sample_3605,sample_3606,sample_3607,sample_3608,sample_3609,sample_3610,sample_3611,sample_3612,sample_3613,sample_3614,sample_3615,sample_3616,sample_3617,sample_3618,sample_3619,sample_3620,sample_3621,sample_3622,sample_3623,sample_3624,sample_3625,sample_3626,sample_3627,sample_3628,sample_3629,sample_3630,sample_3631,sample_3632,sample_3633,sample_3634,sample_3635,sample_3636,sample_3637,sample_3638,sample_3639,sample_3640,sample_3641,sample_3642,sample_3643,sample_3644,sample_3645,sample_3646,sample_3647,sample_3648,sample_3649,sample_3650,sample_3651,sample_3652,sample_3653,sample_3654,sample_3655,sample_3656,sample_3657,sample_3658,sample_3659,sample_3660,sample_3661,sample_3662,sample_3663,sample_3664,sample_3665,sample_3666,sample_3667,sample_3668,sample_3669,sample_3670,sample_3671,sample_3672,sample_3673,sample_3674,sample_3675,sample_3676,sample_3677,sample_3678,sample_3679,sample_3680,sample_3681,sample_3682,sample_3683,sample_3684,sample_3685,sample_3686,sample_3687,sample_3688,sample_3689,sample_3690,sample_3691,sample_3692,sample_3693,sample_3694,sample_3695,sample_3696,sample_3697,sample_3698,sample_3699,sample_3700,sample_3701,sample_3702,sample_3703,sample_3704,sample_3705,sample_3706,sample_3707,sample_3708,sample_3709,sample_3710,sample_3711,sample_3712,sample_3713,sample_3714,sample_3715,sample_3716,sample_3717,sample_3718,sample_3719,sample_3720,sample_3721,sample_3722,sample_3723,sample_3724,sample_3725,sample_3726,sample_3727,sample_3728,sample_3729,sample_3730,sample_3731,sample_3732,sample_3733,sample_3734,sample_3735,sample_3736,sample_3737,sample_3738,sample_3739,sample_3740,sample_3741,sample_3742,sample_3743,sample_3744,sample_3745,sample_3746,sample_3747,sample_3748,sample_3749,sample_3750,sample_3751,sample_3752,sample_3753,sample_3754,sample_3755,sample_3756,sample_3757,sample_3758,sample_3759,sample_3760,sample_3761,sample_3762,sample_3763,sample_3764,sample_3765,sample_3766,sample_3767,sample_3768,sample_3769,sample_3770,sample_3771,sample_3772,sample_3773,sample_3774,sample_3775,sample_3776,sample_3777,sample_3778,sample_3779,sample_3780,sample_3781,sample_3782,sample_3783,sample_3784,sample_3785,sample_3786,sample_3787,sample_3788,sample_3789,sample_3790,sample_3791,sample_3792,sample_3793,sample_3794,sample_3795,sample_3796,sample_3797,sample_3798,sample_3799,sample_3800,sample_3801,sample_3802,sample_3803,sample_3804,sample_3805,sample_3806,sample_3807,sample_3808,sample_3809,sample_3810,sample_3811,sample_3812,sample_3813,sample_3814,sample_3815,sample_3816,sample_3817,sample_3818,sample_3819,sample_3820,sample_3821,sample_3822,sample_3823,sample_3824,sample_3825,sample_3826,sample_3827,sample_3828,sample_3829,sample_3830,sample_3831,sample_3832,sample_3833,sample_3834,sample_3835,sample_3836,sample_3837,sample_3838,sample_3839,sample_3840,sample_3841,sample_3842,sample_3843,sample_3844,sample_3845,sample_3846,sample_3847,sample_3848,sample_3849,sample_3850,sample_3851,sample_3852,sample_3853,sample_3854,sample_3855,sample_3856,sample_3857,sample_3858,sample_3859,sample_3860,sample_3861,sample_3862,sample_3863,sample_3864,sample_3865,sample_3866,sample_3867,sample_3868,sample_3869,sample_3870,sample_3871,sample_3872,sample_3873,sample_3874,sample_3875,sample_3876,sample_3877,sample_3878,sample_3879,sample_3880,sample_3881,sample_3882,sample_3883,sample_3884,sample_3885,sample_3886,sample_3887,sample_3888,sample_3889,sample_3890,sample_3891,sample_3892,sample_3893,sample_3894,sample_3895,sample_3896,sample_3897,sample_3898,sample_3899,sample_3900,sample_3901,sample_3902,sample_3903,sample_3904,sample_3905,sample_3906,sample_3907,sample_3908,sample_3909,sample_3910,sample_3911,sample_3912,sample_3913,sample_3914,sample_3915,sample_3916,sample_3917,sample_3918,sample_3919,sample_3920,sample_3921,sample_3922,sample_3923,sample_3924,sample_3925,sample_3926,sample_3927,sample_3928,sample_3929,sample_3930,sample_3931,sample_3932,sample_3933,sample_3934,sample_3935,sample_3936,sample_3937,sample_3938,sample_3939,sample_3940,sample_3941,sample_3942,sample_3943,sample_3944,sample_3945,sample_3946,sample_3947,sample_3948,sample_3949,sample_3950,sample_3951,sample_3952,sample_3953,sample_3954,sample_3955,sample_3956,sample_3957,sample_3958,sample_3959,sample_3960,sample_3961,sample_3962,sample_3963,sample_3964,sample_3965,sample_3966,sample_3967,sample_3968,sample_3969,sample_3970,sample_3971,sample_3972,sample_3973,sample_3974,sample_3975,sample_3976,sample_3977,sample_3978,sample_3979,sample_3980,sample_3981,sample_3982,sample_3983,sample_3984,sample_3985,sample_3986,sample_3987,sample_3988,sample_3989,sample_3990,sample_3991,sample_3992,sample_3993,sample_3994,sample_3995,sample_3996,sample_3997,sample_3998,sample_3999
1784907938.175,-0.0182305,0.0209906,-0.0312355,-0.00852168,-0.0145661,0.010597,0.0378535,-0.00611258,0.0159083,-0.00576311,-0.00454553,-0.00789257,-0.0032799,0.000571337,0.00103095,0.00010517,-0.0186401,-0.0249719,0.0007302,0.000201242,-0.0124652,0.000380949,-0.0150722,0.00859758,-0.00414189,-0.00949539,0.00219382,-0.0209304,0.00650469,0.00934981,-0.000867286,0.016768,0.000480949,0.00235081,-0.00988192,-0.00436215,-0.000451314,0.00797886,0.0347894,0.000110088,-0.0246077,0.00224629,-0.0078977,-0.00663013,0.000666321,0.001796,-0.00586759,-0.0308213,0.0149431,-0.0109314,0.00273246,0.0289817,-0.0120694,-0.0145792,0.0104853,-0.0201193,0.00871684,0.00163039,0.0121394,-0.0223705,-0.0125449,-0.0125904,0.0220362,-0.00739456,-0.0258829,0.0264592,-0.00595908,0.0177352,0.0140814,-0.0134567,0.00413827,0.0084927,0.0291788,-0.00542068,0.0139621,0.0106362,0.00225512,0.0144099,-0.00877581,-0.0449362,-0.00338581,0.00138139,-0.00198234,0.0079093,-0.00293948,-0.0135757,0.0195777,-0.00608524,0.00431453,-0.00433146,0.0188912,-0.00884581,0.00440867,0.0227221,-0.0180051,-0.0297142,0.00123551,-0.000243377,-0.000292279,0.000866606,0.00425713,0.00347939,-0.011449,-0.0062422,0.0057179,-0.0252067,-0.0288958,-0.00521151,-0.0390822,0.00873249,0.0071767,-0.0364691,-0.0048246,0.023683,0.00276395,0.000583986,0.00650392,-0.021254,-0.00504167,0.00349831,0.00620802,-0.0113707,0.0248224,0.0454451,-0.00337827,0.00220059,0.0195479,0.0192049,-0.0217902,0.00100578,0.0141766,-0.00343981,0.0023128,0.0424335,-0.00837029,-0.00491432,0.0140998,0.00120519,0.00166575,0.00193155,0.00709335,0.0011061,-0.0258086,0.0112831,-0.0105282,-0.00286099,0.00728964,-0.00373475,0.00457682,-0.000615712,0.0149745,0.0108953,0.0243741,0.0146641,-0.0362562,-0.00145391,-0.00445361,-0.00515574,0.0329729,0.0272819,0.00193094,0.0195433,-0.0269803,0.00423583,0.00133574,0.017189,-0.0030917,0.00273523,-0.0031938,0.023368,0.0118557,-0.0130735,0.0256401,-0.0214125,-0.0458426,-0.0155992,0.00642006,-0.0048946,-0.0350449,-0.00607763,-0.00478863,0.0243487,0.0235513,-0.00304115,-0.000343966,-0.0194104,-0.00105299,-0.0337846,-0.000565724,0.0146353,0.00143272,-0.0179182,0.00582887,-0.00320103,0.00181291,-0.000780409,-0.000806546,-0.019314,0.00496058,-0.0136424,-0.0285075,0.0184576,0.0133125,0.00255829,0.00963519,0.00208814,-0.000947313,0.000888219,0.00642788,-0.0285021,-0.00304993,0.00182704,-0.00441556,-0.0018902,0.000997078,-0.0139459,0.0257922,-0.00941862,-0.0161122,0.012541,-0.00166759,0.00208972,-0.00203204,0.00686396,0.00226334,0.0223243,0.0179333,-0.000831464,0.00112872,0.0187975,0.000130184,-0.0417766,0.00857981,-0.0116902,0.00565752,-0.0177728,-0.00556095,0.0192577,0.00404648,-0.0153184,0.0118664,0.0289354,-0.009166,0.00605793,0.0120273,-0.00839998,0.0326158,-0.0100379,-0.0178775,0.0162493,-0.00840752,-0.000133859,0.0259974,0.0058714,0.00347765,0.0156323,-0.00635754,6.05601e-05,-0.0187245,-0.0120915,-0.00857124,0.000753123,-0.00835802,-0.0171068,-0.0123966,-0.0163244,-0.00517084,-0.00213722,1.00949e-05,-0.0319951,-0.00245433,-0.00410161,-0.0168524,0.0160636,-0.0027506,-0.0157135,0.0147385,0.00230116,0.000129814,-0.00438727,-0.000942672,-0.000374718,-0.01633,0.00117152,-0.022715,-0.00688419,0.0158772,-0.00366622,0.0102411,0.0230986,-0.00178946,-0.0143742,0.0134386,0.000762069,0.0013844,-0.00433115,-0.0147509,0.0259625,0.0045743,-0.000228497,-0.000971568,0.00240488,-0.00782401,-0.00698648,0.00137509,-0.0114453,-0.00309826,-0.0226928,0.000690312,0.00741799,-0.0166233,-0.00439111,-0.00984525,-0.00015009,0.000705747,0.0168044,0.00204723,-0.0069436,-0.00855394,0.00411165,-0.00573441,-0.0215532,-0.00866597,0.0134915,0.0101723,-0.0236335,-0.00857044,0.00178648,-0.00777157,0.00812146,0.0062281,-0.00253748,0.00214529,-0.0208471,-0.0159214,-0.0105655,-0.0178931,-0.00200925,0.000287103,0.000658931,-0.00931561,-0.0234334,0.000311568,0.0238191,0.00260484,-0.000399207,-0.00144289,-0.0182795,0.00271363,-0.0018878,-0.0160828,-0.00232217,0.00413084,-0.0317039,-0.0164633,0.0129936,-0.015398,-0.0192062,-0.00787338,-0.00515041,0.00756118,0.00706034,-0.013941,0.00330578,-0.00843232,-0.00835274,0.011504,-0.0137906,-0.0159557,0.00611705,-0.00678867,-0.0137934,0.00138693,-0.0257824,0.00984523,0.0171948,-0.0135402,-0.0214063,0.00450795,-0.00426231,0.00877263,0.0142405,-0.00470832,0.00521281,0.00975226,-0.00152729,0.00092897,0.00801315,0.0101599,-0.00186222,0.00407027,0.00183604,-0.0253868,0.00529845,0.00302382,0.00220916,0.00551884,-0.00284229,0.00813287,-0.00234373,-0.025023,-0.0189111,-0.000586921,-0.00821244,-0.0116227,0.0153093,-0.0321025,-0.0408329,0.0104087,0.00871182,0.00272897,-0.00368514,-0.0152082,-0.0251757,-0.0478018,-0.0322155,0.0028155,-0.0101806,0.00354392,-0.0104454,-0.0161414,-0.000461505,-0.000443179,0.00201902,0.00461851,0.00641627,-0.00204163,0.00455916,-0.0322793,-0.0068312,-0.00375524,-0.00898486,-0.0035432,-0.0055603,0.00736454,-0.00689384,0.0365618,-0.0027861,-0.00180803,-0.00225101,0.00228316,0.0353166,0.0203304,-0.000330003,-0.000323485,-0.016312,0.00652453,-0.0330295,-0.0139781,0.00823775,0.00293382,0.0194258,-0.0141201,0.00218914,0.00248875,0.00464192,0.0215122,-0.00742312,-0.01946,0.0116747,-0.0174125,-0.0183321,-0.007062,-0.0113619,-0.00751386,-0.0311641,0.008547,0.00192925,-0.0085033,0.00700818,0.00101494,0.000852965,-0.00201055,0.00548477,0.029049,0.0140042,0.0414653,0.0333519,0.0352294,0.052411,0.0516526,0.0374556,0.0302808,0.0276938,0.0410665,0.0300947,0.0266444,0.0273789,0.0252852,0.0113692,0.0244006,0.00447066,0.0061449,0.0270728,0.00392493,0.00432052,0.0099846,-0.00159479,0.0244923,0.00569782,-0.000966425,0.00116043,0.0216855,0.00117342,0.014718,0.00374289,0.00417228,0.0268806,0.0140444,-0.0122572,0.005544,-0.00787249,0.0214767,0.000813542,-0.00780174,0.00353957,-0.00153235,-0.000381999,0.0166168,0.00244215,0.00271874,0.0291961,-0.010331,0.00206617,0.00572655,0.00464959,0.0212105,-0.00365478,0.00427357,0.0137744,0.0104574,0.0445611,0.0463961,0.0299185,0.0184831,0.00734095,-0.00120983,0.0226201,0.042339,0.0393811,0.026982,0.06443,0.0772195,0.0373976,0.0740822,0.0633953,0.0428835,0.0666391,0.0958729,0.0628603,0.0850589,0.0922391,0.113155,0.048848,0.10147,0.105947,0.066478,0.0845956,0.124836,0.0991123,0.114774,0.0919515,0.0920877,0.116514,0.134239,0.122269,0.113914,0.133439,0.11319,0.13522,0.15032,0.113681,0.142503,0.159517,0.129141,0.178312,0.158133,0.172425,0.179665,0.164048,0.175794,0.23328,0.20028,0.185123,0.205422,0.230813,0.204194,0.220445,0.215527,0.234026,0.254788,0.247534,0.274156,0.252279,0.257233,0.286612,0.301436,0.270338,0.273464,0.314878,0.281294,0.325636,0.308662,0.309347,0.311697,0.307256,0.306394,0.308604,0.301133,0.34238,0.318639,0.324028,0.312657,0.321132,0.352188,0.372382,0.354307,0.343112,0.341892,0.353412,0.336088,0.348453,0.35092,0.366977,0.343579,0.35485,0.377001,0.372416,0.374913,0.387932,0.388275,0.331238,0.378564,0.385609,0.392559,0.381075,0.372868,0.326859,0.374098,0.362625,0.339257,0.373971,0.334346,0.335321,0.325433,0.340535,0.33584,0.327447,0.324613,0.30735,0.324041,0.29926,0.283493,0.287167,0.265341,0.271025,0.244039,0.219464,0.203025,0.201143,0.213944,0.159822,0.163396,0.14062,0.114092,0.103651,0.0858808,0.0872418,0.0588846,0.0359374,0.054133,0.0167825,-0.00234822,0.000992692,-0.0309434,-0.0504505,-0.0586502,-0.0874469,-0.0696458,-0.11463,-0.102742,-0.138311,-0.137669,-0.152104,-0.192898,-0.166017,-0.20259,-0.21217,-0.21408,-0.237043,-0.240275,-0.243126,-0.264533,-0.28445,-0.294818,-0.291659,-0.277018,-0.330046,-0.32263,-0.323743,-0.333528,-0.345044,-0.349109,-0.369296,-0.345006,-0.369505,-0.386534,-0.389361,-0.371468,-0.401964,-0.433851,-0.416522,-0.440375,-0.433007,-0.449179,-0.448905,-0.459437,-0.480292,-0.469109,-0.495866,-0.501956,-0.518574,-0.508477,-0.520817,-0.528922,-0.522771,-0.579241,-0.574582,-0.578461,-0.592051,-0.583047,-0.617203,-0.6275,-0.606991,-0.633591,-0.656991,-0.715181,-0.67926,-0.723944,-0.683991,-0.715767,-0.743855,-0.739909,-0.760624,-0.779511,-0.750422,-0.818469,-0.811561,-0.792534,-0.805585,-0.84365,-0.840616,-0.846308,-0.852276,-0.864025,-0.876424,-0.865159,-0.895847,-0.89882,-0.909495,-0.916741,-0.934313,-0.923329,-0.917584,-0.911864,-0.90994,-0.924721,-0.935147,-0.907613,-0.910941,-0.894761,-0.890973,-0.880008,-0.880465,-0.850712,-0.841479,-0.804758,-0.829594,-0.80745,-0.774732,-0.782865,-0.778219,-0.769815,-0.767704,-0.729115,-0.739401,-0.763801,-0.73395,-0.715315,-0.71707,-0.71066,-0.675727,-0.703807,-0.645042,-0.644943,-0.603866,-0.626794,-0.642643,-0.606862,-0.594802,-0.588889,-0.562455,-0.549766,-0.542305,-0.511969,-0.513444,-0.524022,-0.485885,-0.496635,-0.484554,-0.446967,-0.445498,-0.426236,-0.41867,-0.414569,-0.413194,-0.373503,-0.365059,-0.314612,-0.309998,-0.348538,-0.311347,-0.313261,-0.303414,-0.283924,-0.271167,-0.249111,-0.255495,-0.23634,-0.207731,-0.187054,-0.17199,-0.137164,-0.158498,-0.139338,-0.124078,-0.0646167,-0.0421218,-0.053675,-0.0298174,0.00610928,0.0116065,0.0620569,0.0576996,0.0664365,0.128201,0.11969,0.146492,0.184861,0.172975,0.181048,0.229311,0.240052,0.284124,0.299853,0.30101,0.304429,0.32123,0.395697,0.393312,0.394038,0.415947,0.445542,0.477474,0.482029,0.489623,0.537244,0.54562,0.551576,0.541383,0.597167,0.587444,0.631663,0.629583,0.627144,0.620702,0.655958,0.66992,0.677604,0.694351,0.685518,0.707391,0.730878,0.728731,0.736022,0.739246,0.743902,0.769915,0.784211,0.758875,0.803382,0.792465,0.793108,0.791081,0.77337,0.787462,0.804594,0.818711,0.784349,0.783412,0.816105,0.801807,0.812967,0.814101,0.79733,0.809642,0.823421,0.786437,0.817685,0.849879,0.785158,0.810129,0.841513,0.80655,0.79996,0.844669,0.819319,0.782462,0.806461,0.779196,0.787771,0.808664,0.804044,0.801949,0.804638,0.776074,0.78555,0.793698,0.783767,0.788825,0.802153,0.801672,0.770766,0.818023,0.813656,0.789368,0.804284,0.773806,0.79135,0.763367,0.768908,0.774943,0.765554,0.784832,0.749203,0.779841,0.783207,0.758797,0.74817,0.729876,0.734118,0.723259,0.73982,0.726723,0.670618,0.708381,0.701874,0.694623,0.692263,0.662421,0.636811,0.615293,0.63513,0.608538,0.609644,0.583778,0.563364,0.583137,0.58351,0.519886,0.521169,0.520259,0.4919,0.480935,0.477055,0.448216,0.419089,0.419935,0.357522,0.368562,0.393986,0.345375,0.317271,0.307472,0.329208,0.271617,0.265159,0.253416,0.242458,0.196437,0.190428,0.207034,0.14832,0.149969,0.165371,0.133042,0.0895846,0.0963395,0.0773877,0.059208,0.0521022,0.0185214,0.0337817,0.0583634,-0.00486829,-0.0110058,-0.0220303,-0.0315428,-0.0204872,-0.0678028,-0.0470549,-0.0512253,-0.0926123,-0.100206,-0.0963593,-0.122963,-0.157935,-0.133335,-0.158503,-0.1849,-0.160345,-0.182217,-0.206984,-0.182309,-0.235918,-0.212518,-0.21389,-0.257764,-0.250111,-0.263353,-0.250789,-0.286795,-0.306384,-0.298873,-0.298084,-0.309893,-0.313661,-0.35298,-0.334559,-0.348297,-0.392508,-0.3736,-0.384861,-0.392101,-0.418209,-0.416406,-0.450947,-0.432737,-0.444651,-0.450137,-0.476658,-0.514295,-0.477807,-0.473824,-0.547784,-0.546276,-0.53983,-0.55743,-0.54478,-0.570112,-0.57132,-0.589617,-0.59282,-0.609723,-0.630569,-0.609731,-0.631673,-0.665947,-0.641087,-0.709453,-0.689046,-0.674493,-0.657925,-0.698768,-0.690858,-0.669588,-0.715139,-0.732272,-0.730459,-0.713642,-0.730157,-0.742937,-0.7402,-0.731261,-0.73463,-0.741649,-0.737749,-0.721965,-0.706381,-0.719867,-0.737143,-0.718216,-0.746733,-0.727504,-0.714823,-0.718038,-0.689914,-0.718351,-0.698184,-0.689604,-0.684368,-0.679178,-0.682651,-0.644579,-0.662749,-0.660781,-0.647474,-0.647773,-0.60692,-0.618995,-0.599187,-0.613607,-0.585705,-0.589446,-0.580576,-0.539731,-0.550833,-0.560325,-0.54994,-0.501741,-0.52775,-0.500428,-0.507809,-0.527365,-0.501482,-0.481726,-0.464539,-0.479543,-0.451375,-0.458139,-0.418351,-0.417652,-0.43478,-0.433631,-0.425321,-0.40538,-0.415293,-0.431448,-0.410489,-0.389725,-0.354654,-0.370545,-0.341295,-0.374454,-0.391102,-0.376411,-0.351707,-0.374438,-0.358121,-0.327901,-0.286297,-0.323928,-0.302481,-0.303138,-0.283355,-0.275081,-0.227865,-0.271008,-0.265526,-0.252087,-0.238904,-0.239073,-0.221161,-0.225303,-0.189939,-0.20812,-0.183438,-0.182597,-0.174182,-0.142163,-0.129893,-0.141135,-0.124076,-0.0870367,-0.0866957,-0.0564602,-0.0371549,-0.0159914,-0.00295793,-0.0125958,0.00522531,0.00396039,0.0159223,0.0225927,0.0493316,0.0696616,0.0952998,0.0915714,0.0915544,0.126844,0.16118,0.161774,0.150344,0.190131,0.183804,0.179204,0.22265,0.263328,0.247744,0.255495,0.29038,0.281207,0.267854,0.298805,0.31566,0.333364,0.372178,0.324682,0.320734,0.346469,0.37325,0.369137,0.371148,0.386885,0.38506,0.396133,0.415761,0.392551,0.403563,0.402547,0.42146,0.438595,0.412103,0.427986,0.421394,0.433548,0.439235,0.409639,0.413831,0.446588,0.446774,0.446194,0.465097,0.437075,0.457649,0.449915,0.462104,0.436904,0.429108,0.480316,0.449149,0.42086,0.461091,0.448231,0.441609,0.437107,0.479882,0.464093,0.502019,0.500795,0.487581,0.479264,0.485168,0.487397,0.476394,0.487321,0.489925,0.495809,0.486408,0.481974,0.508475,0.525077,0.480225,0.473622,0.508058,0.526041,0.523176,0.548175,0.540094,0.511182,0.492301,0.530664,0.542441,0.534021,0.53745,0.50779,0.53131,0.553422,0.521734,0.517297,0.503909,0.545724,0.546899,0.521644,0.514234,0.506204,0.498256,0.509184,0.512137,0.492118,0.527439,0.518149,0.49635,0.48524,0.477525,0.455825,0.46765,0.453256,0.400526,0.434964,0.388193,0.424127,0.439875,0.38688,0.387406,0.434119,0.359812,0.352314,0.35187,0.347792,0.31787,0.313507,0.291109,0.272641,0.27451,0.263426,0.252514,0.270569,0.233745,0.203525,0.24269,0.177537,0.165938,0.183489,0.167701,0.141343,0.154351,0.136924,0.147773,0.113119,0.0774044,0.0774347,0.103344,0.0499392,0.0972792,0.084044,0.0441035,0.0564271,0.0523121,0.0362906,0.05357,0.0204439,0.0141618,0.00652981,-0.0236138,-0.0109975,0.00672544,-0.0306382,-0.0152928,-0.0373668,-0.0315775,-0.0443963,-0.0702159,-0.0531672,-0.0428906,-0.0573678,-0.089109,-0.0850564,-0.0884444,-0.0802135,-0.0646389,-0.0806091,-0.131,-0.1046,-0.110859,-0.0947795,-0.122649,-0.0985285,-0.110633,-0.134752,-0.144599,-0.115269,-0.146886,-0.161033,-0.166246,-0.170074,-0.182538,-0.204099,-0.201693,-0.20987,-0.184604,-0.2079,-0.228522,-0.257267,-0.24592,-0.280912,-0.295901,-0.284981,-0.293847,-0.274036,-0.308998,-0.308165,-0.30636,-0.334148,-0.328756,-0.337246,-0.346855,-0.365435,-0.356469,-0.381017,-0.369547,-0.374501,-0.40802,-0.410523,-0.386196,-0.411366,-0.39595,-0.409541,-0.433908,-0.406198,-0.418044,-0.442908,-0.438815,-0.448977,-0.444636,-0.440373,-0.440511,-0.465545,-0.452786,-0.474183,-0.453337,-0.409938,-0.460911,-0.479418,-0.480687,-0.458586,-0.415569,-0.43861,-0.43839,-0.433051,-0.423093,-0.416588,-0.420278,-0.450897,-0.417061,-0.430733,-0.399767,-0.413823,-0.427265,-0.37756,-0.419015,-0.407129,-0.389578,-0.381461,-0.401047,-0.348076,-0.349518,-0.394983,-0.358245,-0.34583,-0.352312,-0.352037,-0.333049,-0.336045,-0.351844,-0.338621,-0.325726,-0.340284,-0.303428,-0.324185,-0.342796,-0.323944,-0.319615,-0.300483,-0.305735,-0.316781,-0.313114,-0.311845,-0.304533,-0.298781,-0.32721,-0.290213,-0.295463,-0.276067,-0.311248,-0.298242,-0.279209,-0.297762,-0.308529,-0.283209,-0.271432,-0.284128,-0.27946,-0.28866,-0.270909,-0.274295,-0.269377,-0.259129,-0.277086,-0.275293,-0.22285,-0.217802,-0.260251,-0.217554,-0.235952,-0.219859,-0.213084,-0.219652,-0.196939,-0.19836,-0.176608,-0.154962,-0.169097,-0.1502,-0.15293,-0.141273,-0.145614,-0.133647,-0.0961066,-0.121647,-0.0990507,-0.066652,-0.0569135,-0.0362638,-0.0263752,-0.034222,-0.0266218,0.00733498,-0.00570641,0.000323603,0.0175398,0.0278443,0.0455291,0.0385396,0.0714111,0.0642425,0.0610679,0.0915292,0.100133,0.0836933,0.0803383,0.10814,0.115819,0.143986,0.163695,0.180014,0.171288,0.179095,0.159854,0.174808,0.203028,0.187069,0.160569,0.229158,0.207997,0.210494,0.201067,0.197635,0.220514,0.227999,0.234841,0.205259,0.207367,0.249343,0.242436,0.209156,0.241338,0.194304,0.228489,0.239597,0.224602,0.250477,0.265833,0.236425,0.23427,0.245349,0.245072,0.263922,0.242545,0.229564,0.226549,0.218346,0.255254,0.233021,0.269589,0.245094,0.235043,0.24251,0.255835,0.286025,0.247902,0.239419,0.265926,0.288354,0.243163,0.264248,0.298979,0.28812,0.278665,0.26908,0.297359,0.285779,0.301981,0.273001,0.285263,0.300212,0.303642,0.302063,0.287373,0.31328,0.335278,0.325494,0.347135,0.328211,0.329355,0.330518,0.329842,0.343738,0.351816,0.330386,0.358584,0.336699,0.325113,0.389824,0.342599,0.341078,0.349607,0.326392,0.334103,0.339044,0.348866,0.347601,0.319977,0.337857,0.31541,0.31507,0.318949,0.324117,0.348675,0.316787,0.322253,0.305346,0.316227,0.301121,0.298913,0.3011,0.298415,0.261226,0.271926,0.289082,0.242014,0.245543,0.214257,0.250397,0.233339,0.206351,0.183224,0.192712,0.189931,0.206004,0.175539,0.166005,0.177681,0.16591,0.131115,0.159431,0.137768,0.109199,0.155739,0.117362,0.112441,0.125013,0.119005,0.105308,0.0718944,0.0795471,0.0773118,0.0688294,0.0749139,0.0640985,0.0572346,0.0848274,0.0834235,0.0681495,0.0444106,0.0578014,0.0356326,0.054002,0.0533795,0.038538,0.0209915,0.0514512,0.0308084,0.0088816,0.0120561,0.0243837,0.0100557,-0.00431129,0.00968604,0.0065742,0.021279,-0.0181507,-0.00658187,-0.000836426,-0.0198664,0.00777516,-0.0187665,0.00432501,-0.0232335,-0.0242789,-0.0215612,-0.067585,-0.0529208,-0.0127361,-0.0262414,-0.0578687,-0.0305564,-0.0444139,-0.0691639,-0.0778691,-0.0891617,-0.0800164,-0.0994324,-0.0960411,-0.121404,-0.118791,-0.124732,-0.162236,-0.155542,-0.157961,-0.172159,-0.156353,-0.16749,-0.212813,-0.191843,-0.185997,-0.182689,-0.217512,-0.185918,-0.236082,-0.237756,-0.218439,-0.239924,-0.226917,-0.250656,-0.228688,-0.249884,-0.272974,-0.284688,-0.270472,-0.284693,-0.29474,-0.289621,-0.243145,-0.286581,-0.308581,-0.291958,-0.285347,-0.299471,-0.301097,-0.301935,-0.301346,-0.296658,-0.302964,-0.291128,-0.302465,-0.30013,-0.290452,-0.28794,-0.287015,-0.298525,-0.274708,-0.28286,-0.268086,-0.293726,-0.258551,-0.229349,-0.239585,-0.264248,-0.225789,-0.262908,-0.272996,-0.271799,-0.246989,-0.258382,-0.235289,-0.26139,-0.230582,-0.218296,-0.239117,-0.209851,-0.206076,-0.218407,-0.198443,-0.215579,-0.220558,-0.196188,-0.227927,-0.199157,-0.206905,-0.223335,-0.190347,-0.183539,-0.208129,-0.20693,-0.195723,-0.215227,-0.214275,-0.215088,-0.192831,-0.19992,-0.174778,-0.202119,-0.226513,-0.195215,-0.220596,-0.2349,-0.231433,-0.212588,-0.239949,-0.21541,-0.219285,-0.222695,-0.223203,-0.229894,-0.217398,-0.22033,-0.222608,-0.213645,-0.214861,-0.242719,-0.218241,-0.20258,-0.22313,-0.204575,-0.185443,-0.188392,-0.213595,-0.193748,-0.14958,-0.18049,-0.200723,-0.165522,-0.15149,-0.145254,-0.146473,-0.130309,-0.153013,-0.121729,-0.135377,-0.144787,-0.126799,-0.114041,-0.13108,-0.0928993,-0.0848116,-0.116361,-0.057575,-0.0729049,-0.0517623,-0.0508968,-0.0441997,-0.0315046,0.0273242,0.00753265,-0.00146116,0.000409779,0.0075548,-0.00351187,0.0487676,0.042004,0.022002,0.0612723,0.0303198,0.0257991,0.0581537,0.0795044,0.0613997,0.0859265,0.07125,0.0620048,0.0775073,0.0643591,0.0683688,0.129742,0.0951031,0.0824559,0.10184,0.108653,0.088712,0.103561,0.0938771,0.0863479,0.0822387,0.112452,0.12621,0.107928,0.116169,0.0978737,0.11677,0.129615,0.12576,0.126844,0.119193,0.10512,0.0958484,0.0980739,0.169977,0.111526,0.138276,0.0970613,0.111178,0.131068,0.116134,0.11547,0.117146,0.146182,0.133262,0.146096,0.134213,0.141533,0.139264,0.15258,0.167359,0.16906,0.144936,0.182955,0.159733,0.154787,0.148587,0.160998,0.144212,0.164546,0.170669,0.170018,0.176359,0.176809,0.179472,0.171899,0.192499,0.174247,0.181193,0.209228,0.203734,0.252285,0.19937,0.178727,0.215443,0.21845,0.215824,0.226389,0.218859,0.240253,0.249285,0.262606,0.243136,0.219392,0.250784,0.233787,0.23145,0.238264,0.242854,0.207311,0.206463,0.215296,0.219628,0.217359,0.207903,0.241773,0.221509,0.22126,0.272217,0.207049,0.221403,0.206973,0.167968,0.19896,0.205569,0.178443,0.166861,0.182058,0.159853,0.18737,0.180087,0.141109,0.148782,0.152963,0.123431,0.154177,0.105575,0.123729,0.121929,0.129488,0.082419,0.122009,0.105476,0.0864542,0.0992124,0.0931142,0.111459,0.0915955,0.0883547,0.0644294,0.0957741,0.0626722,0.0963372,0.0577811,0.0495606,0.0846936,0.0851998,0.0508353,0.072529,0.0565107,0.0272187,0.0562864,0.0465106,0.02148,0.047952,0.0637108,0.0704947,0.0384168,0.0467093,0.0615631,0.0735018,0.0540894,0.0702546,0.077776,0.0243572,0.0435268,0.0439462,0.0534763,0.0511062,0.0748097,0.0509993,0.030635,0.0428305,0.0627121,0.0296462,0.0378931,0.025229,0.0247421,0.0268352,0.0249929,0.0375041,0.00569458,0.012749,0.0199532,0.00417171,0.000325032,-6.66457e-05,-0.000295928,0.000795198,-0.00143623,0.00235512,-0.0361815,-0.0220906,-0.0108345,-0.0307066,-0.056626,-0.0656065,-0.0254543,-0.0757341,-0.102539,-0.0586878,-0.07882,-0.0815276,-0.105874,-0.118817,-0.112352,-0.125992,-0.166911,-0.119208,-0.113196,-0.161508,-0.158261,-0.157117,-0.151783,-0.149283,-0.156563,-0.15533,-0.158828,-0.183907,-0.19002,-0.201624,-0.19331,-0.197853,-0.161608,-0.172936,-0.20791,-0.203203,-0.200411,-0.202294,-0.175895,-0.209937,-0.206614,-0.179887,-0.217683,-0.198929,-0.220036,-0.159488,-0.167906,-0.198716,-0.156177,-0.202184,-0.172986,-0.169371,-0.167573,-0.18049,-0.188838,-0.159744,-0.17392,-0.159404,-0.151976,-0.144027,-0.148506,-0.1364,-0.153324,-0.152547,-0.141477,-0.133245,-0.110177,-0.120838,-0.142732,-0.114877,-0.149533,-0.1362,-0.124709,-0.139622,-0.13347,-0.13216,-0.145808,-0.134345,-0.11219,-0.122263,-0.132887,-0.122288,-0.161928,-0.143745,-0.11531,-0.143187,-0.139988,-0.128697,-0.120358,-0.146134,-0.174078,-0.133141,-0.172618,-0.140674,-0.119669,-0.166764,-0.161912,-0.174475,-0.134974,-0.170086,-0.165712,-0.166245,-0.170364,-0.142929,-0.149868,-0.161861,-0.158844,-0.161085,-0.169537,-0.161312,-0.175663,-0.16668,-0.165593,-0.158116,-0.160595,-0.153515,-0.166178,-0.130291,-0.128558,-0.135999,-0.148764,-0.135089,-0.110618,-0.126157,-0.128818,-0.107692,-0.108848,-0.107248,-0.100774,-0.105654,-0.113088,-0.0723568,-0.0865308,-0.0728598,-0.0690298,-0.0728037,-0.0540752,-0.065283,-0.0510301,-0.070903,-0.0193799,-0.0155099,-0.0303261,-0.00661688,-0.037634,-0.00579807,-0.00788824,-0.0269371,0.0178304,-0.0408555,0.0137157,0.00898445,0.00231479,0.0231723,-0.00149593,-0.00138344,0.00883114,0.045098,0.00418269,0.0350495,0.0269439,0.039126,0.0273546,0.0320729,0.0122923,0.0457032,0.0289536,0.0435768,0.0319696,0.0291478,0.0448064,0.0473495,0.0277867,0.0408343,0.0560153,0.0400241,0.0141793,0.0366228,0.0304125,0.0598809,0.0720675,0.0130992,0.025121,0.0379993,0.0424711,0.0445243,0.0260508,0.0324015,0.0514147,0.0426033,0.0233896,0.0483233,0.0493915,0.0210138,0.0490071,0.0368168,0.0777245,0.033202,0.0373599,0.0671602,0.0499419,0.060491,0.0886872,0.0640299,0.062519,0.0579504,0.0880173,0.0734707,0.120924,0.0699504,0.0994935,0.106973,0.0943708,0.0892329,0.111052,0.113796,0.100591,0.134663,0.12108,0.153195,0.128413,0.129406,0.132094,0.13876,0.154074,0.189001,0.149448,0.13525,0.179802,0.167024,0.146875,0.185439,0.177937,0.145109,0.174867,0.159864,0.151417,0.196248,0.165561,0.183848,0.182655,0.160621,0.181997,0.178509,0.150123,0.162397,0.114853,0.184823,0.194367,0.142595,0.138557,0.144036,0.145513,0.156042,0.139663,0.102145,0.143644,0.126802,0.117834,0.145562,0.0932439,0.118876,0.115985,0.109591,0.101504,0.10501,0.0716313,0.0644012,0.0645618,0.0720456,0.0611149,0.0642086,0.0434815,0.0422639,0.0602376,0.0466379,0.0615904,0.0615087,0.0631067,0.0558633,0.0453071,0.0474529,0.0371597,0.0368636,0.0161359,0.015862,0.043261,0.0312892,0.0331936,0.0196798,0.0335792,0.0389271,0.0292748,0.0166851,0.0230458,0.0429008,0.0324647,0.0259537,0.0427362,0.0676375,0.0379456,0.0366367,0.046655,0.0331441,0.0336772,0.0672429,0.0237492,0.0566515,0.0462764,0.0513331,0.0623774,0.0405055,0.0550357,0.056835,0.0415815,0.0521343,0.0372491,0.00597307,0.0439547,0.0756152,0.0170331,0.0591933,0.0359835,0.0276815,0.0393609,0.0561622,0.0153649,0.0212979,0.0386535,0.0187446,0.00993505,0.0105637,-0.000889934,0.0089528,0.00457602,-0.0196103,-0.0383567,-0.015047,-0.014514,-0.00602882,0.0037295,-0.0500714,0.000423654,-0.0168007,-0.0254998,-0.0443722,-0.0794566,-0.109911,-0.0494081,-0.0679909,-0.0513788,-0.0386645,-0.0865558,-0.0485484,-0.0922201,-0.0842777,-0.0642064,-0.101517,-0.0982812,-0.0920491,-0.0919462,-0.124468,-0.0967319,-0.0791661,-0.119182,-0.109014,-0.108148,-0.0936825,-0.10835,-0.138499,-0.0987306,-0.115271,-0.126806,-0.128942,-0.102888,-0.131382,-0.114149,-0.120301,-0.122998,-0.11118,-0.113212,-0.126271,-0.103033,-0.0975565,-0.107912,-0.0714443,-0.0959575,-0.0695049,-0.0698027,-0.122503,-0.0651256,-0.0943048,-0.120804,-0.0850356,-0.0916823,-0.0930829,-0.0776273,-0.123693,-0.081636,-0.0332204,-0.0697557,-0.0829352,-0.078631,-0.0852922,-0.0731511,-0.0831475,-0.0788636,-0.063215,-0.0797107,-0.0815933,-0.0830807,-0.11087,-0.0999867,-0.0783913,-0.0743198,-0.121021,-0.100102,-0.083791,-0.110495,-0.108824,-0.146443,-0.100406,-0.134701,-0.133307,-0.090928,-0.142055,-0.115275,-0.139444,-0.117478,-0.122256,-0.104945,-0.137771,-0.119643,-0.122064,-0.130787,-0.146237,-0.154146,-0.146164,-0.147344,-0.121567,-0.12487,-0.146735,-0.132588,-0.125631,-0.160963,-0.137745,-0.0994922,-0.161557,-0.125708,-0.131708,-0.123592,-0.125947,-0.103365,-0.0724291,-0.122145,-0.129294,-0.127247,-0.104904,-0.0985328,-0.11592,-0.115897,-0.084328,-0.0634952,-0.0690934,-0.0518828,-0.0691465,-0.0526967,-0.0525415,-0.0538087,-0.0258242,-0.0409598,0.00435821,-0.0174598,-0.00466438,0.00141128,-0.0389683,-0.012274,0.00637144,-0.0270056,0.00549218,0.0182635,0.00176314,0.00590054,0.0139112,0.00392137,0.0338357,0.014158,-0.00220123,0.00352031,0.0321538,0.0254099,0.0167369,0.0206472,0.00331259,0.0323419,0.00740132,0.00267785,0.00468258,0.0417221,0.024042,0.0151926,0.0109221,0.000505562,0.0242772,0.0286609,0.0248332,0.0070823,-0.0150768,-0.0176033,0.00966817,0.00884111,-0.00164742,0.00179642,-0.00297495,0.0149658,-0.0120588,0.00415975,0.0307211,-0.00209199,0.00648566,-0.0128518,-0.0127964,-0.00420515,-0.0325001,-0.0281542,-0.0179668,-0.017595,0.000102009,0.0308568,0.0317648,0.00406816,0.00779546,0.0048064,-0.00754223,0.000259034,0.0126757,-0.0137178,0.0107512,0.00961433,0.0155559,0.0199051,0.0149805,0.0417163,0.0394679,0.0334597,0.0348043,0.0279382,0.0643379,0.0496271,0.0509283,0.0744347,0.0976897,0.0622597,0.0630528,0.084034,0.0905835,0.0830525,0.114114,0.0890199,0.0802915,0.0637006,0.100571,0.12529,0.0960798,0.108182,0.102851,0.105044,0.104892,0.121431,0.119321,0.129931,0.129212,0.0965472,0.138312,0.0883597,0.102903,0.130568,0.122084,0.10119,0.102436,0.100956,0.121358,0.0992517,0.1183,0.112025,0.105082,0.076608,0.0811771,0.060343,0.0625138,0.0685387,0.081244,0.0560402,0.0653618,0.0475419,0.0569002,0.0397493,0.0397164,0.0793344,0.0499797,0.0643122,0.0643934,0.0391911,0.0290519,0.0762334,0.0116007,0.0379635,0.0356795,0.0423586,0.022113,0.0320215,0.0321692,-0.00410948,0.0244202,0.0311927,0.0230611,0.0131,0.0269486,0.0606017,0.0223128,0.0367777,0.02906,0.0188928,0.00655668,0.0206953,0.0374261,0.0417188,0.0604691,0.0377816,0.0478816,0.042532,0.0216505,0.020431,0.0230473,0.0604894,0.0529655,0.0359796,0.0641414,0.0349231,0.0422857,0.0466445,0.0577962,0.104127,0.0545146,0.052984,0.0624616,0.0452753,0.0830978,0.0436875,0.0528848,0.0582129,0.0367503,0.0595962,0.0275194,0.0579385,0.0560496,0.0205558,0.0335365,0.0555808,0.0229493,0.00259383,0.0513705,0.00851959,0.00348439,0.00707658,0.0093076,0.00477242,-0.0206388,-0.00874022,0.0061832,-0.0151566,-0.00793477,0.00289052,-0.0267668,-0.018093,-0.0322915,-0.0769698,-0.0293081,-0.0333033,-0.0537559,-0.0663802,-0.0665774,-0.0816607,-0.0410259,-0.0413117,-0.0705843,-0.0834528,-0.0491581,-0.0667885,-0.0714161,-0.0523531,-0.0821032,-0.0831278,-0.0629108,-0.0707369,-0.0674144,-0.0730573,-0.0729802,-0.0834152,-0.0780118,-0.0526733,-0.0742944,-0.0811151,-0.0879696,-0.0790156,-0.0709422,-0.0338411,-0.0553335,-0.0835425,-0.054789,-0.0674849,-0.0642336,-0.0786604,-0.0487339,-0.0494751,-0.0753834,-0.0497372,-0.0496833,-0.0446344,-0.0659239,-0.0530106,-0.0212348,-0.0466747,-0.0696739,-0.032499,-0.0103654,-0.0169562,0.00121753,-0.0246442,-0.0183865,-0.0297012,-0.0228768,-0.00959823,-0.0159807,0.000871853,0.000754665,-0.00649394,-0.0571411,-0.00174017,-0.0176659,-0.000519072,-0.0241668,-0.0401791,-0.0305161,-0.0505766,-0.064937,-0.0530477,-0.032624,-0.05483,-0.0383985,-0.0679225,-0.0677269,-0.0937874,-0.0514241,-0.0813881,-0.0636856,-0.0725661,-0.0806401,-0.0845328,-0.0911736,-0.0854068,-0.0892125,-0.105977,-0.0739219,-0.116351,-0.120125,-0.105856,-0.123714,-0.0908686,-0.101783,-0.115839,-0.0918196,-0.139089,-0.124752,-0.119126,-0.117154,-0.114975,-0.114008,-0.108189,-0.112712,-0.108763,-0.082407,-0.110034,-0.110784,-0.0859667,-0.049919,-0.0802128,-0.0729667,-0.085459,-0.0749942,-0.0651906,-0.0733904,-0.0668522,-0.0664267,-0.0602771,-0.0771903,-0.00636367,-0.0307138,-0.0736079,-0.00809921,-0.0234447,-0.0350285,-0.0189408,-0.00719322,-0.0178267,-0.00801611,-0.0164114,-0.0211438,-0.0275267,0.00439004,0.010849,0.00909057,-0.0152413,0.00480026,0.0139449,-0.00192243,0.00126051,-0.00109861,-0.00661391,0.0177276,0.0244496,-0.00329586,-0.00571325,0.0169791,0.0200914,0.010563,0.00539983,-0.00232084,0.0201125,0.0045061,-0.0163084,0.0140501,0.0171363,0.004457,0.0310659,0.00743349,-0.0133826,0.00490164,0.00121214,-0.0127823,-0.0097189,0.00626061,-0.0299651,-0.0317257,0.0045735,0.00511633,0.0126499,-0.0521424,-0.022168,0.00253769,-0.000504824,0.010354,-0.00952105,-0.00154236,-0.0116126,-0.0229037,-0.00634878,-0.0171492,-0.0137426,-0.0104814,-0.0216869,-0.0130976,-0.0039595,-0.035285,-0.00524619,0.0012455,0.0177711,-0.00692712,0.019037,0.00525619,0.00876056,-0.00566336,0.0184807,0.00168347,0.0275671,0.0153933,-0.0114448,0.0287251,0.0250163,0.0221702,0.0276112,0.0459675,0.0476584,0.0452793,0.0669071,0.0917451,0.0520107,0.0655168,0.0541034,0.0658288,0.082528,0.0784319,0.0452806,0.0618223,0.0945541,0.0765986,0.0427131,0.061491,0.0587835,0.0639317,0.074742,0.0613542,0.0818093,0.0756206,0.073099,0.0913335,0.0866936,0.0881869,0.0863913,0.0567643,0.0438534,0.069347,0.0460105,0.0435194,0.06704,0.0449084,0.0220308,0.0523632,0.0395146,0.0347177,0.0363999,0.0117525,0.0291002,0.00804903,0.00906044,0.0500112,0.0450774,0.0120497,0.00412824,0.0112718,0.0140549,0.0380933,0.027923,0.0131849,-0.00380454,0.00798324,0.00128778,-0.00625324,0.032033,-0.000413523,0.013431,0.0222256,0.00974016,0.0209077,0.0109963,0.00505034,-0.0168255,0.0169641,0.00245538,0.028586,0.0182832,0.00988863,0.0156642,0.0311695,0.0454787,0.0489606,-0.00252042,0.0273116,0.0572554,0.0308984,0.0353887,0.0162483,0.0248152,0.0431894,-0.00239638,0.0605306,0.0547807,0.0415922,0.0444726,0.0774755,0.0786135,0.0447411,0.0708978,0.0726033,0.0576382,0.0703271,0.0224826,0.0669196,0.0576295,0.082122,0.0399392,0.0372302,0.064577,0.050428,0.0845716,0.055747,0.030168,0.0662876,0.0335382,0.063194,0.0182036,0.0449972,0.0604535,0.0445003,0.0360734,0.0391325,0.0505906,0.0530346,0.0158919,0.00207705,-0.00699999,0.0404493,-0.0187378,-0.0117796,0.0080502,0.00768472,0.00163234,0.00562069,-0.00230767,-0.00773192,-0.0345509,-0.0201376,-0.0248784,-0.0159415,-0.0449544,-0.0387374,-0.0260122,-0.0146128,-0.0228893,-0.0260856,-0.0494174,-0.0623574,-0.0664888,-0.0624269,-0.0406075,-0.0572556,-0.0512765,-0.0329022,-0.0308357,-0.0640354,-0.0391968,-0.0642394,-0.0462165,-0.0389349,-0.0485764,-0.0318499,-0.0597644,-0.0413863,-0.0196351,-0.0521291,-0.0456386,-0.0495075,-0.060264,-0.0329643,0.00779051,-0.0505951,-0.0449943,-0.0126722,-0.0665386,-0.0310632,-0.0209736,-0.0536081,-0.0170225,0.0024081,0.00861593,0.00601396,-0.01163,-0.0258097,-0.00895829,-0.0254448,-0.0111965,-0.00586685,-0.0250336,-0.0369754,0.00719397,-0.00511387,0.0302852,-0.00297828,0.000242397,-0.0271495,-0.00626194,0.00559264,-0.0218777,-0.0148992,0.00850469,-0.0237146,-0.0427442,-0.0346359,-0.0344966,-0.0370733,-0.0397522,-0.0274253,-0.00921338,-0.0119551,-0.0289166,-0.0117897,-0.0108683,-0.0665073,-0.0732985,-0.0523576,-0.0817298,-0.0458268,-0.0423584,-0.0362365,-0.0633988,-0.0622259,-0.083424,-0.0645081,-0.0870843,-0.0673372,-0.0661748,-0.102659,-0.086126,-0.0558807,-0.0855698,-0.0886903,-0.0857446,-0.0668281,-0.0841028,-0.0903469,-0.0757294,-0.0930872,-0.0546967,-0.083328,-0.0473805,-0.0111288,-0.075238,-0.0643561,-0.0679113,-0.064009,-0.071106,-0.0408297,-0.084732,-0.0489127,-0.0450597,-0.0133772,-0.032012,-0.0533496,-0.0546287,-0.032897,-0.0299223,-0.0342869,0.00252834,-0.020703,0.00390709,-0.0270404,-0.0164728,0.000160638,0.00339051,-0.00589274,-0.00548728,-0.00010106,-0.0194054,-0.0147733,-0.010977,-0.0243561,0.0284174,0.00208583,0.00663122,-0.0109988,-0.0180389,0.0206871,0.000435014,0.0114386,0.0175369,-0.0169306,0.00133059,0.0113015,-0.00662393,-0.00963538,-0.00212152,-0.0424792,-0.000328165,-0.0173953,-0.0126375,-0.0251699,-0.0261025,-0.0308422,-0.0307339,-0.0273457,-0.0220388,-0.0180966,-0.0287315,-0.0471773,-0.0313213,-0.0448219,-0.0374052,-0.0703016,-0.0429355,-0.0245422,-0.0479754,-0.0284275,-0.0514793,-0.0499342,-0.0284779,-0.046628,-0.0363208,-0.059004,-0.0141904,-0.0235519,-0.0276205,-0.0164994,-0.0245976,-0.0144781,-0.0187377,-0.0118467,-0.00651179,-0.0411227,-0.00445808,-0.0301374,0.0120419,-0.0235277,-0.00773729,0.00355059,-0.0121139,0.00641494,0.0219769,0.0255296,0.0510911,0.00380865,0.0167664,0.0344387,0.00950752,0.0407253,0.0362847,0.0367507,0.0189587,0.0264481,0.0382031,0.055943,0.0764986,0.0385418,0.075022,0.0530081,0.0513632,0.0556628,0.0442859,0.0489084,0.0544284,0.0313219,0.0542093,0.0353548,0.0831067,0.0686892,0.0786784,0.0576508,0.101511,0.0704776,0.0583155,0.0288248,0.04859,0.0222078,0.0544435,0.0438356,0.0350385,0.0579737,0.0333212,0.0367108,0.0227373,0.0201218,0.0325646,0.0452685,0.0178799,0.0512912,0.0261445,0.0222719,0.0129902,-0.0151042,0.0175978,0.00978167,-0.010489,-0.0171142,0.00176793,-0.000882161,0.000401552,-0.000124004,0.0058405,0.00038539,-0.000682462,0.00110613,-0.00197248,-0.0190222,-0.00952836,-0.0130131,-0.0161664,-0.001196,0.000924,-0.00110865,0.0123566,0.00879155,-0.00553699,0.0101206,0.0121611,0.000241062,0.00749273,0.0245093,0.00738493,0.00694714,-0.00965278,-0.021278,0.0515579,0.0501929,-0.0101974,0.0501124,0.0211121,0.0173055,0.00557396,0.0145327,0.0606011,0.0321359,0.0322875,0.0392908,0.0555082,0.0316056,0.0533721,0.0504879,0.0542001,0.0610657,0.0433752,0.0708276,0.068658,0.0350411,0.0426044,0.0651047,0.0352613,0.0319885,0.0605974,0.044045,0.0596763,0.0613891,0.0367199,0.0722392,0.0461429,0.0251562,0.0103489,0.0172303,0.0140023,0.0360614,0.0213921,0.0125943,0.0329295,0.0231386,0.005593,0.00655025,-0.00235868,0.00331401,-0.00731373,-0.00625417,-0.00800156,-0.010605,-0.00485853,-0.0157177,-0.0201875,-9.21245e-06,-0.00450333,-0.0437391,-0.0303581,-0.0166626,-0.0256121,-0.0149111,-0.0533499,-0.0425197,-0.0339524,-0.0199033,-0.0238011,-0.0205358,-0.0440488,-0.049645,-0.0343604,-0.0664795,-0.011746,-0.0259642,-0.0287511,-0.0490194,-0.0388246,-0.0165687,0.00276789,-0.00741965,-0.0179096,-0.0147859,-0.0328162,-0.0189859,-0.00405367,-0.000870126,0.00187829,0.00565012,-0.0017374,0.00161071,-0.000390558,0.0117133,-0.0190327,-0.0146437,0.00584716,-0.0040176,0.00425624,0.00290481,0.00395499,0.0150725,0.000246817,0.020382,0.017693,0.0242404,0.00989433,-0.00778866,-0.00583679,-0.000877293,0.0187035,-0.00134097,-0.00533657,0.00153843,-0.00429996,-0.0212351,-0.0169367,-0.00854654,1.66178e-05,-0.00240202,-0.00928718,0.00138054,0.0135128,-0.0104431,-0.0115012,-0.00872425,-0.0251081,-0.0337375,-0.0345596,-0.0399676,-0.0459759,-0.0532187,-0.0435254,-0.0336796,-0.0476696,-0.0699627,-0.059949,-0.0401245,-0.0762712,-0.043913,-0.0911696,-0.0600338,-0.02516,-0.0716248,-0.060697,-0.0902254,-0.073792,-0.0717251,-0.0942022,-0.0744182,-0.0795755,-0.0676221,-0.0753988,-0.0561031,-0.0636262,-0.0882359,-0.0630083,-0.0535698,-0.0761067,-0.0395777,-0.0511964,-0.0709169,-0.030571,-0.0767576,-0.0662244,-0.0567955,-0.0749485,-0.0138762,-0.0205209,-0.048797,-0.0430208,-0.047581,-0.0377997,-0.0237039,-0.0162948,-0.0273232,0.00420937,-0.00309699,0.00378221,0.000620517,-0.00446805,0.0038144,0.0165928,-0.00122298,0.000351037,0.011969,-0.000306484,0.0202339,0.0168217,0.0192379,-0.00457204,0.0187444,0.0194759,0.0348766,0.00676213,0.0119101,0.00976801,0.00859706,0.00665902,-0.00121163,0.023224,0.00606154,-0.000376052,0.00931,0.0104478,0.00105372,0.00473358,0.00762126,-0.0201947,0.00562276,-0.00170677,-0.0289528,-0.0112699,-0.0327968,-0.0199061,-0.0436276,-0.0334369,-0.0304034,-0.064209,-0.0437259,-0.0427868,-0.0424236,-0.0411516,-0.0324881,-0.055439,-0.0508345,-0.0396386,-0.047393,-0.0529401,-0.0603694,-0.0452394,-0.0480697,-0.04217,-0.0413015,-0.0414722,-0.0426866,-0.0665915,-0.0310819,-0.0374894,-0.0490841,-0.0249787,-0.0149443,-0.0445572,-0.0373174,-0.00533501,-0.0463962,-0.0419238,-0.0173596,0.00792906,-0.0218997,-0.0216149,-0.00353302,-0.0250195,0.00222899,-0.00292521,-0.000913119,0.0151712,-0.00284933,0.0165235,0.0156511,0.0357736,0.0123073,0.017786,0.0333537,0.0240946,0.0218326,0.0221046,0.0398939,0.0102046,0.0362797,0.0325872,0.0248474,0.0468893,0.0336207,0.049097,0.0130242,0.0268104,0.0212505,0.0291866,0.0635132,0.019055,0.0374897,0.0449335,0.0447804,0.0215701,0.0369246,0.0403096,0.0318738,0.0537174,0.00508235,0.026818,0.0293707,-0.00145971,0.000897813,0.00730122,0.0229601,0.0100296,0.0127375,0.0156104,-0.0039202,0.00300146,-0.0202362,-0.000432826,-0.00360566,-0.015352,0.00203564,-0.00709353,-0.0147026,0.00150289,-0.0251197,-0.00599494,-0.00156536,-0.0101951,0.00500559,0.0195133,-0.00114291,-0.00954857,0.00755186,0.000863366,-0.00964598,0.00389865,-0.00252397,-0.000394388,-0.00713757,-0.00933997,0.00246424,0.00323993,0.00301582,0.00352072,0.00254906,0.0164226,-0.00309191,0.0067804,0.0112218,0.0209951,0.0155594,0.00796456,0.0233349,0.0156787,0.0251228,0.0337832,0.0396937,0.0456388,0.0282201,0.00962931,0.0358061,0.0402374,0.0404802,0.02962,0.0531148,0.0342403,0.0528172,0.0178528,0.0348651,0.0432388,0.0477995,0.0461446,0.0295224,0.0258362,0.0105268,0.0495219,0.0458553,0.0309014,0.025727,0.0181721,0.0136168,0.025482,0.0128287,0.0286909,0.0253965,-0.00555245,0.0235736,0.0548432,0.0120615,0.00121355,0.0250846,0.0159412,-0.0121372,-0.0146454,0.0193012,-0.000856574,-0.0177805,-0.0126904,0.02393,-0.0254016,-0.0219185,0.00881526,-0.0321997,-0.0190009,-0.00694512,-0.0303051,-0.00956725,-0.0259303,-0.01111,-0.00738831,0.0225927,-0.0442642,-0.0197122,-0.0562221,-0.0177502,-0.0115673,-0.0222098,-0.0171782,-0.0292281,-0.0494205,-0.0153235,0.00685542,-0.0308663,-0.0141273,-0.0160985,-0.0372092,-0.0124013,-0.00640814,0.00383265,-0.0113171,-0.00201056,-0.0146306,-0.00567004,0.00166484,0.0166672,0.0278398,-0.00571335,0.00767799,-0.00122109,0.0139237,0.0311957,0.00968878,0.0264831,0.0237083,0.0109022,0.0135226,0.0357059,0.00961504,-0.0188384,0.0371391,0.00704977,0.00106507,0.0304551,0.00978867,0.0234222,0.0230182,0.0217022,0.0292054,-0.00380379,-0.00387229,0.0293492,0.00671997,-0.00145123,0.0107257,0.00839451,0.0361107,0.0177302,-0.00102703,0.000963845,0.0126801,0.0079879,-0.017951,-0.00387439,-0.000653165,-0.0295825,-0.0105271,-0.0458266,-0.0480676,-0.0239417,-0.0273836,-0.000560814,-0.034397,-0.0590298,-0.0139996,-0.0604759,-0.0468867,-0.0258198,-0.0757048,-0.0637352,-0.0602389,-0.0549935,-0.0698133,-0.0902296,-0.0550716,-0.0713934,-0.0535004,-0.0734394,-0.0772229,-0.0402275,-0.071362,-0.0335585,-0.066442,-0.0580129,-0.0910577,-0.0855019,-0.0532817,-0.0226765,-0.0385134,-0.063892,-0.0404238,-0.0246554,-0.0406912,-0.0126107,-0.0250032,-0.015943,-0.0263062,-0.0131265,-0.0170478,0.00304641,-0.0376239,0.0142735,0.0138353,-0.0140311,-0.000192191,0.01093,0.00124307,0.0274416,-0.00438047,-0.00863973,0.00305716,-0.00193138,0.00215855,0.0296674,0.00655585,0.0101414,0.0198798,0.00785645,0.00422877,0.0275371,0.00295999,0.0156583,0.0324834,0.00348994,-0.00465271,-0.0146488,-0.00140283,0.0156495,0.0252371,-0.0104243,0.00934856,-0.0016774,-0.00871058,0.013803,-0.000185101,-0.012097,-0.0176197,0.00667106,-0.0201851,0.00887843,-0.000708419,-0.0193772,-0.0225802,-0.0180508,-0.0659063,-0.0237276,-0.0331924,-0.05747,-0.00029176,-0.0556533,-0.0628201,-0.0367818,-0.0410554,0.00481593,-0.0420867,-0.0422876,-0.0530728,-0.0722643,-0.04433,-0.0387124,-0.0300264,-0.0503501,-0.0386314,-0.066341,-0.0419463,-0.060857,-0.0183327,-0.0207429,-0.0371004,-0.0378671,-0.027987,-0.0186343,-0.0365577,-0.0369601,-0.0196851,-0.0209869,-0.0151225,-0.0151667,-0.00609428,-0.00931759,0.00498606,-0.00739833,-0.008109,0.00313411,0.00870846,0.0145241,0.00567088,0.0100346,0.00383019,0.00387687,0.0124669,0.0392908,0.0299271,0.00102209,0.028707,0.0207541,0.00257406,0.0490503,0.0255134,0.0182552,0.0121775,0.0116252,0.0187185,0.00582132,0.0200818,0.0450803,0.00730013,0.0116591,0.0373878,0.0182211,0.0262393,0.0328816,0.0211191,0.0140947,0.0114004,0.00831211,0.0157914,0.0259775,0.0015748,-0.00167246,0.0301664,-0.0221468,-0.000737552,-0.0023962,0.0125892,0.00811214,-0.0270536,0.00341164,-0.000816375,-0.0156028,-0.0201138,-0.0116654,-0.0183213,-0.0521282,-0.0151636,-0.0305363,-0.0117985,9.83911e-06,-0.0293234,-0.0111555,-0.0215808,-0.00414688,-0.0178531,-0.0054529,0.000377673,-0.0232304,-0.0154737,0.00812371,-0.0472669,-0.0394037,-0.00772276,-0.00648798,0.00238252,-0.00103696,0.00012503,0.000769777,0.00392284,0.00764208,-0.00474119,0.0204102,0.0212372,-0.00275772,0.0274655,0.0121631,-0.00468404,0.00778411
1784907942.203,0.0483152,0.0279024,0.0277358,0.0512496,0.0401293,0.0168526,0.0317155,0.023064,0.0048393,0.0138692,0.00186158,0.00895021,-0.00910845,0.0114512,0.0014871,0.000799016,0.0105702,0.000252951,-5.35642e-06,0.000172468,-0.000414905,0.000593959,-0.0189487,-0.00671177,0.0027173,-0.00478821,-0.0117608,0.0107766,0.00283704,-0.0205209,0.00897148,-0.0248854,-0.00324631,-0.0205998,0.00313649,-0.0301834,-0.0396976,-0.0101732,-0.0487291,-0.030935,-0.00848726,-0.050643,-0.050717,-0.00295582,0.00627724,-0.0403726,0.00583152,-0.00945937,-0.0383736,-0.00164661,-0.00999331,-0.0130319,-0.0110312,0.00405165,0.00149598,0.00801844,-0.00363808,0.00214849,0.00761469,-0.0158037,0.00595911,-0.00565263,-0.00438604,0.0253729,0.0157531,0.0300014,0.017057,0.0136501,0.0521294,0.0164914,0.0169315,0.00788121,0.0177635,0.0211548,0.0329081,0.0221459,0.030259,0.00929738,-0.00761592,0.0505742,0.0445371,0.0220083,0.0177538,0.0137188,0.00906417,0.00264979,-0.031733,0.00437539,0.0195446,0.0016158,0.00915186,0.00771318,-0.001383,0.00404564,-0.0120422,-0.0128614,-0.0128354,0.0132224,-0.00925484,-0.00959181,-0.0130371,-0.0209257,-0.00471511,-0.0160041,-0.0388661,-0.0329517,-0.0184212,-0.0297058,-0.0411554,-0.0209532,-0.0324947,-0.0625859,-0.0520428,-0.035843,-0.0592099,-0.0532168,-0.0612052,-0.0248728,-0.0349001,-0.0643826,-0.0579723,-0.0408105,-0.0692752,-0.0405569,-0.00572039,-0.0504122,-0.010596,-0.0395639,-0.0417235,-0.0164857,-0.0343793,-0.00330693,-0.0147722,-0.0216604,-0.0125417,-0.0109637,-0.0344361,-0.0194268,-0.0178475,-0.0027554,0.00287116,-0.00565548,-0.0256402,-0.0360632,-0.00990824,-0.00227358,-0.0178378,-0.00852588,0.00521234,-0.0245671,-0.0111198,0.013514,0.00221259,-0.000972548,0.00359935,0.00587719,0.00292286,0.00227878,0.0102223,-0.00102911,0.0130948,-0.00164424,-0.00463648,-0.00234428,-0.0121379,0.00522386,0.00317636,0.000285362,-0.0107562,-0.00282424,0.00879719,-0.0107963,0.00331895,-0.00207776,-0.0256652,-0.0244847,-0.038216,-0.00514235,0.0128531,-0.0206416,-0.0146519,-0.0410963,-0.00663459,-0.0258877,-0.0211177,-0.037569,-0.0608836,-0.0452251,-0.0320206,-0.0219931,-0.0482922,-0.0525463,-0.0627712,-0.0577273,-0.0428064,-0.043151,-0.0329529,-0.0321796,-0.0570017,-0.0816568,-0.0624016,-0.048437,-0.0555687,-0.0614893,-0.0323943,-0.026333,-0.0383165,-0.0532256,-0.022925,-0.0133226,-0.0565475,-0.0377376,-0.0279141,-0.0207794,-0.0280104,-0.0203066,-0.0145988,-0.00598613,0.00227265,0.00181736,0.0178465,-0.00599157,-0.000824432,0.019212,-0.00558989,0.00931788,0.0143926,0.00180623,0.00255702,-0.00379116,0.0101037,0.020764,-0.00912204,0.0220986,0.0310319,0.0104886,0.00417211,0.0244133,0.0192946,0.0457454,0.0396891,0.0155588,0.0188575,0.041031,0.0257155,0.00766306,0.0287292,0.0142543,0.0262826,0.0157949,0.000282705,0.0358269,0.0278201,0.0147184,0.0227938,0.00182881,0.0208878,0.0124882,0.00419077,0.00403847,0.00801057,0.00475528,-0.000721573,-0.00173232,-0.0127444,-0.025179,-0.00490776,0.00734115,-0.0364808,-0.00595202,-0.00450702,-0.0215918,0.00347243,-0.0357553,-0.0275371,-0.00915636,-0.0186138,-0.0381913,-0.0320297,-0.0350932,-0.001683,-0.0300066,-0.0137232,-0.0210315,-0.0552875,-0.0378444,-0.022353,-0.0289798,-0.0065131,-0.0224521,-0.0271621,-0.049268,-0.0205723,-0.00956995,-0.00964526,-0.0285673,-0.00925043,-0.00555524,-0.00781518,0.00147186,-0.0226484,-0.0109415,0.0157479,0.0111131,0.0107242,0.0473636,-0.00742888,0.0151992,0.0222054,0.00576589,0.0391573,0.0192864,0.0258612,0.0351154,0.0374232,0.0201389,0.00850486,0.0210666,0.0326485,0.0256235,0.0412659,0.0396226,0.0488019,0.0383232,0.012051,0.0404355,0.0107284,0.0103021,0.0532813,0.0298466,0.0271509,0.013224,0.0326011,0.0498839,0.0192067,0.0276759,-0.00104055,0.0126014,0.0383631,-0.00165522,0.0133479,-0.000666877,0.0146189,-0.00630296,0.0191839,0.0291203,-0.00537749,-0.0165956,0.00142409,-0.0369329,-0.0041222,-0.0149034,-0.00434058,-0.0102839,-0.000432559,-0.0372214,-0.0238407,-0.00845436,-0.0317661,-0.036218,-0.0213745,0.0056392,-0.0538716,-0.016347,-0.00937403,-0.0248914,-0.0132185,0.00215523,-0.00225925,-0.0208061,-0.0181125,-0.0254615,0.0192162,0.0140119,-0.00570426,-0.00401806,0.00640553,-0.0198144,-0.00500131,-0.0067673,-0.0150987,0.0176309,-0.0233162,-0.0110944,-0.00327138,0.00852084,0.0211521,-0.00821714,0.0189082,0.0313185,0.0122667,0.00691012,0.0290539,0.00930598,0.014787,0.0103676,0.00216769,0.0268194,0.0220656,-0.000370376,0.0193712,0.00984251,0.0137276,0.0280267,0.0279577,0.0164308,0.0166325,0.0317331,0.00277578,0.0248095,0.0301358,-0.00220165,0.0210906,0.0211311,0.0243181,0.0125974,0.0116162,-0.00138654,-0.00177429,-0.012703,0.00021977,-0.00500042,-0.00452754,-0.000434174,-0.0129598,0.0038101,0.000923159,0.0077271,-0.0255094,-0.0150161,-0.00586782,-0.0438087,-0.0287058,-0.0601087,-0.0563293,-0.0460683,-0.03829,-0.0469798,-0.0360202,-0.0491157,-0.0353697,-0.0384325,-0.0695437,-0.0459057,-0.0592472,-0.0633907,-0.0192722,-0.0239182,-0.0486593,-0.0487496,-0.0440623,-0.0270397,-0.0449099,-0.0616602,-0.0259719,-0.0673472,-0.0352179,-0.029904,-0.0502395,-0.042943,-0.0359615,-0.0140573,-0.00844788,-0.0353,0.00433196,-0.0270709,0.00238462,-0.0289848,-0.019183,-0.00914105,-0.0193721,0.000479745,0.0119209,-0.00433638,0.00683677,0.0124246,0.00816595,-0.0212866,0.00377527,-0.00546086,0.0212395,0.031161,-0.0198459,-0.0160793,0.0208082,0.0121391,0.0261085,0.0103131,0.00581286,0.00292047,0.00826306,0.00942418,0.00945418,0.0156084,0.0178583,-0.0139121,0.00760956,-0.00366127,0.00375078,0.00384976,0.000210103,0.00277207,0.0081776,-0.00376884,-0.0224241,0.00363016,-0.0111424,-0.0364572,-0.0323485,-0.0473206,-0.0378165,-0.0349743,-0.0420863,-0.0103731,-0.0135073,-0.0425525,-0.0364297,-0.0345184,-0.0388374,-0.033952,-0.0360632,-0.0503107,-0.0219297,-0.0588677,-0.046269,-0.0890487,-0.0558853,-0.067541,-0.0490289,-0.0526966,-0.0536151,-0.0465286,-0.0528418,-0.0210173,-0.0403817,-0.0558934,-0.038444,-0.0490451,-0.0408897,-0.0315922,-0.044837,-0.0467497,-0.0350744,-0.0285089,-0.031485,-0.00294958,-0.013406,-0.03497,-0.00725164,-0.0225204,-0.0110884,-0.032952,-0.00564606,0.022601,0.00630594,-0.00975957,0.000685734,-0.00850648,-0.0103021,0.0192368,-0.000607676,-0.000400656,0.0127817,0.0163244,0.0227936,0.018131,0.00755366,0.0306339,0.00280966,0.0143247,0.0284614,0.00507742,0.00924321,0.0169114,0.0155894,0.0204591,0.0102971,0.0310565,-0.00701923,0.010901,0.0247226,0.00689399,0.0174221,0.0070327,0.000913258,0.00586595,-0.00423797,-0.00297751,-0.00628219,-0.00644142,0.00687846,0.00114758,0.00036419,-0.00349527,-0.0183458,0.00639375,-0.00758998,-0.0173616,-0.0270801,-0.0356616,-0.0298885,-0.0118515,-0.00315934,-0.0205211,-0.0262266,-0.0566595,-0.0318168,-0.029856,-0.0193242,-0.0344146,-0.0108443,-0.0217483,-0.0308975,-0.0421259,-0.0450162,-0.0330674,-0.0126775,-0.0346488,-0.0419287,-0.026292,-0.0265536,-0.0228004,-0.0362161,-0.0139895,-0.0141096,-0.00182872,-0.0355789,0.0202837,0.0098341,0.00332116,0.0082699,0.02839,0.00330841,0.00251039,0.0074826,0.00961564,0.0549916,0.00948143,0.0375089,0.0188062,0.0143081,0.0409367,0.0244032,0.0133264,0.0195815,0.0402607,0.0497041,0.0453233,0.0228303,0.090699,0.0261436,0.0207466,0.0183009,0.0273304,0.0244879,0.0128264,0.0150035,0.0409733,0.0357569,0.016229,0.0142957,0.0270585,0.0322168,0.0212709,0.0135581,0.0191338,0.00121733,0.0165342,0.0154772,0.0274699,-0.00304654,0.0246319,0.00244959,-0.0147492,0.0246758,-0.0128804,-0.0179087,0.00566899,-0.0055829,0.0130079,-0.0028169,-0.0166506,0.00646995,-0.00751766,-0.0148931,-0.0212861,-0.00172556,0.00230614,-0.0147214,-0.0380568,-0.00128472,-0.0111951,-0.0448529,-0.0138595,-0.0387915,-0.0398622,-0.0292801,-0.00812356,-0.000366748,-6.67621e-06,-0.0134932,-0.0481578,-0.0173738,-0.0129886,-0.00525692,-0.0169168,-0.0425014,-0.00218045,0.0117376,0.00032013,0.00519332,-0.00251741,0.00150017,-0.000813849,0.000223468,0.000924682,0.0180799,0.0122501,0.00574375,0.023253,0.0087634,0.0217323,0.0311877,0.00605596,0.00614172,-0.00666666,0.0237617,0.0116035,0.0025626,0.0191291,0.030082,0.01293,0.0142463,0.0487307,-0.00376864,0.0565814,0.0468044,0.0358515,0.0348877,0.00689532,0.0247167,0.0171529,0.0140178,0.0356387,0.00784578,0.00108248,-0.00343423,0.0115023,0.00969542,-0.0177245,0.0138217,0.0223499,-0.00267178,0.00252426,-0.00312296,0.0109189,-0.0190377,-0.0150542,-0.00125507,-0.0187972,0.00281663,-0.0397159,-0.0238428,-0.0105447,-0.03745,-0.0201825,-0.0153705,0.0039935,-0.0694274,-0.0429072,-0.00991176,-0.0183323,-0.0263461,-0.0382648,-0.0372624,-0.0479161,-0.036494,-0.0600575,-0.0455923,-0.0406728,-0.0439693,-0.0627335,-0.0521481,-0.0316026,-0.021161,-0.0302708,-0.0211471,-0.0219722,-0.0516361,-0.0183714,-0.0492974,0.0119906,-0.035953,-0.0119253,-0.0120397,-0.0198454,-0.00163956,-0.0112639,-0.0380307,-0.0126299,-0.00310039,-0.0110324,0.0044844,-0.00600275,-0.0166834,0.0130331,0.0135232,-0.000287872,0.00289672,0.0499843,0.015578,0.0165149,0.0277626,0.0184487,0.00145005,0.00468235,0.0463231,0.0107581,-0.000510896,0.0122382,0.0177428,0.022199,-0.0104441,-0.0353572,0.0117377,0.0161654,-0.00153815,0.00144011,-0.00191401,0.00294197,0.000497947,0.0269713,0.0106916,-0.00062116,-0.00514188,-0.00425108,-0.0159333,-0.0167397,-0.00296294,-0.000955579,0.00814777,-0.0107355,-0.00349226,0.00363696,-0.0431367,-0.0253946,-0.0533075,-0.0372084,-0.0181867,-0.0460425,-0.0328019,-0.0324841,-0.0484795,-0.0376182,-0.0199803,-0.0545923,-0.0357368,-0.0488534,-0.0384832,-0.0951872,-0.0172235,-0.040866,-0.0546281,-0.0150977,-0.04826,-0.0261534,-0.0436529,-0.04071,-0.0219814,-0.055635,-0.0659868,-0.023984,-0.0233638,-0.0416973,-0.048562,-0.0201501,-0.0237591,0.00928382,-0.0206429,-0.0143627,-0.0137118,-0.0229177,-0.013834,-0.0102468,0.00217678,0.00144534,0.00493442,-0.000516531,-0.00113247,0.0192464,0.00666314,0.00291261,0.00977841,0.00500719,-0.00650145,0.00480863,0.0266071,0.0047792,0.00458548,0.014033,0.00892833,-0.000881385,0.0408327,0.0387642,-0.0013146,0.0101105,0.0118921,0.0100877,0.00748956,-0.00400809,-0.00486397,0.00752522,0.00170301,0.00963814,0.000546689,-0.00197001,0.00776707,-0.00599258,-0.0167493,-0.0121929,-0.0279944,0.00485345,-0.0233964,-0.0259459,-0.000639603,-0.0353374,-0.000890156,0.00382853,-0.01151,-0.0315624,0.00124253,-0.0231182,-0.00248499,-0.0307133,-0.0251523,-0.0274939,-0.0635117,-0.0181213,-0.0175429,-0.0439762,-0.0517641,-0.0410689,-0.0157823,-0.00651708,-0.0275018,0.00325617,-0.028792,-0.0431884,-0.0304098,-0.024823,-0.0307395,-0.00965409,0.000702248,-0.00804805,-0.0188831,-0.031201,-0.0023156,-0.0359716,0.00404635,-0.015356,-0.00574457,0.00836223,-0.0117206,0.0100156,0.0325596,0.0120216,0.0010431,0.0101395,0.0118412,-0.00365963,0.0133051,0.00382655,0.0221911,0.0255389,0.0205107,0.022267,0.0408505,0.0217368,0.0192541,0.0534934,0.00813025,0.0491944,0.0595102,0.03852,0.0619995,0.0177119,0.0113165,0.0395125,0.0150804,0.0249133,0.00893005,0.00517085,0.0213082,0.0163355,0.0110021,0.0111817,0.0207125,-0.00175336,0.0172861,0.0247183,-0.00746775,0.0138476,0.00139673,-0.00823076,-0.00480286,-0.007085,0.00448556,0.00914754,0.0109199,0.00480665,0.00577386,0.00184558,-0.0186966,0.00280637,-0.00187319,-0.0277028,-0.0101079,-0.0151985,-0.0316714,-0.0130303,-0.00287103,-0.00166835,-0.00927812,-0.0325681,-0.0337209,-0.0307607,-0.0358482,0.00338607,-0.0227696,-0.0101002,-0.0289346,-0.0165864,-0.0276357,-0.024699,0.00520735,-0.0270152,-0.0214634,-0.00780888,-0.00811417,0.0032153,-0.0262561,0.00225814,-0.00266597,0.00434103,-0.0173426,-0.0137216,0.012074,0.00406251,0.013879,-0.0120522,-0.0057865,0.0118658,0.00338309,0.0337897,0.00426682,0.0302646,0.0294118,0.0268406,0.0112224,0.0235728,0.0268527,0.0337946,0.0275908,0.0121986,-0.00397267,0.0301977,0.023227,0.0118284,0.0221905,0.0343591,0.0354953,0.00333714,0.026403,0.0482671,0.00390383,0.00434735,0.0175303,0.0216119,0.0146203,0.00917606,0.0142894,0.0224733,-0.00168029,-0.000163445,0.00453106,0.00186253,0.0048116,0.00122299,0.000931167,-0.00271543,0.00590206,-0.0259682,-0.0347933,-0.0150186,-0.017686,-0.0136773,-0.0290595,-0.0172364,-0.0316818,-0.0379405,-0.023808,-0.0345328,-0.0403771,-0.0418055,-0.0202972,-0.0361827,-0.0263546,-0.0108054,-0.0308683,-0.0299267,-0.0566258,-0.0484298,-0.00340587,-0.0383487,-0.0572144,-0.0349023,-0.0302776,-0.000611763,-0.0340944,-0.0198154,-0.0037691,0.000468447,-0.00588629,-0.00944321,0.0053638,-0.010547,-0.0460213,-0.0176602,0.0107169,0.0062809,0.0217857,-0.0256913,-0.00317985,0.00297285,-0.00152213,0.00560287,-0.00843291,-0.0219366,0.00255549,0.00836129,0.00673489,0.0271752,0.00945054,0.00334858,-0.0122674,0.0147966,0.0190617,0.00572128,0.0380074,0.0449088,0.0519374,0.00972285,0.00509575,-0.000674123,0.000680347,-0.0131473,0.00651697,0.02887,-0.0241528,0.0101946,-0.00944402,0.0108972,0.0154559,-0.00209178,-0.000122503,0.00841304,-0.0129455,-0.0128561,-0.0220008,-0.0185472,0.00982644,-0.0231737,-0.0244031,-0.0202586,-0.0307578,-0.0298245,-0.0335229,-0.024651,-0.050102,-0.013301,-0.0477389,-0.0491948,-0.0259518,-0.0499402,-0.0714615,-0.0647604,-0.0217908,-0.0336698,-0.0595167,-0.0368788,-0.0624168,-0.0662346,-0.0376862,-0.0477872,-0.0493756,-0.049874,-0.0872919,-0.0420247,-0.0342693,-0.0628257,-0.0277193,-0.0287145,-0.0161691,-0.0329115,-0.00945542,-0.0452546,-0.050532,-0.00314696,-0.0332,0.00141754,-0.0406718,-0.0358765,-0.0436473,-0.00303281,0.00527155,-0.00800609,-0.00631205,-0.00530282,-0.0131895,0.00850772,-0.0397501,0.00407431,0.00176217,0.00749828,0.0207144,-0.00304188,0.000561054,0.019533,-0.00970883,0.00772949,0.0186016,0.00641076,0.0169606,0.0144008,0.00387433,-0.000300268,0.0105619,0.021663,0.0108389,0.00253868,0.019693,0.0135759,0.00703753,0.00513766,0.00358363,0.000348509,0.00595905,0.000222496,0.00671708,-0.00145755,0.0043803,-0.0195578,-0.0203995,-0.00314515,-0.0315988,-0.0295407,-0.0144184,-0.00804006,-0.0424479,-0.0338567,-0.01465,-0.00816096,-0.0133277,-0.0519783,-0.0195318,-0.0447172,-0.00722485,-0.0239841,-0.0366286,-0.0267205,-0.023964,-0.0438461,-0.0334713,-0.0119618,-0.0398694,-0.0445779,-0.00881305,-0.0392295,-0.0212487,-0.0473117,-0.00898023,-0.0145081,-0.0319578,0.0131666,-0.0123585,-0.0346824,-0.00950257,-0.0283148,-0.00779329,-0.0285713,-0.0237932,-0.0224869,-0.0115132,0.00549529,-0.00368892,0.00389569,0.00824908,0.00448542,-0.00572528,-0.00459841,0.0455068,0.0245687,0.000188542,0.011301,-0.0222479,0.0111157,0.0221464,0.0151068,0.0407084,0.0334126,0.0012712,0.0270341,0.0581251,0.0234534,0.00691792,0.000582987,0.00644093,0.0369064,-0.00356513,0.00882229,-0.00390544,0.0249545,0.0287362,0.0211267,0.0162303,0.0153093,0.00748343,0.0083694,0.00779502,0.00519469,0.0073843,0.00534019,-0.00151679,0.000587528,0.000146874,-0.0253658,0.0138259,0.0105688,-0.000905679,0.0257297,0.018389,-0.0284848,0.00173747,-0.0134448,-0.00222269,0.000985986,-0.0413249,-0.00151105,0.00349417,-0.0284379,-0.00623118,-0.00514069,-0.039569,-0.00518821,-0.00108011,-0.0250259,0.00302945,7.84269e-05,-0.0271411,-0.0205325,0.00390144,-0.00337198,-0.0171252,-0.0117058,-0.0180016,-0.00704652,-0.0306726,-0.00219769,-0.006663,-0.0279334,0.00562111,-0.00250238,0.000802893,0.00065275,-0.00243679,-0.0111816,0.0106959,0.0274735,0.0165851,0.00791306,0.0121474,-0.0121684,-0.00149747,-0.00427958,0.0173492,0.00273111,0.0205153,0.0126276,0.000716703,0.0460859,0.00839865,0.00874743,0.0232742,0.0308013,0.0215325,0.0335756,0.0232451,0.0232094,0.0259882,0.0149252,0.0228026,0.0152097,0.0158859,0.0361864,0.0509836,0.0014694,0.0288534,0.0220625,-0.000759709,0.0132336,-0.00416266,0.00696214,0.0089602,-0.0287796,-0.00536679,0.00517454,0.00244461,0.00210475,-0.0281656,-0.00561114,0.0134253,0.0183554,-0.0226678,-0.028317,-0.0150648,-0.0183134,-0.00747493,-0.00271489,-0.0368793,0.0039986,-0.0203765,-0.011363,-0.019858,-0.0501419,-0.00469644,-0.0502979,-0.0300903,-0.0443715,-0.0374803,-0.0514612,-0.0414158,-0.0304503,-0.0262847,-0.0144987,-0.0195913,-0.0171442,-0.0296741,-0.0305024,-0.0203617,-0.0194206,-0.0277297,-0.0154317,-0.0250102,-0.0177846,-0.018713,-0.0309384,0.0110414,-0.00285622,0.000851983,0.000675753,-0.0027619,0.013045,-0.00457062,-0.00289211,0.00318911,0.00120006,0.021776,0.00701737,-0.0109835,0.00777751,0.0165404,0.0051011,0.0040341,0.00334569,0.0352957,0.0162904,0.00264818,0.0336218,0.019569,0.00327849,0.0241072,0.0203722,0.0116255,-0.00522009,0.0138172,0.0127421,0.0277108,0.00290238,-0.00925919,0.00992193,-0.0211037,-0.00608695,0.00636304,-0.000865957,-0.0102749,-0.00176897,-0.0170198,-0.00960621,0.0152781,-0.0115563,-0.0173662,-0.00571339,-0.0128702,0.00384567,-0.0122605,-0.0336092,-0.0370508,-0.0238031,0.0189621,-0.0489162,-0.0535961,-0.0292137,-0.0824233,-0.00455096,-0.0230001,-0.0163166,-0.0212964,-0.045665,-0.0515831,-0.0216173,-0.00910562,-0.0696692,-0.00324309,-0.0244306,-0.036523,-0.0656757,-0.036021,-0.00482757,-0.0378861,-0.0261591,-0.011947,-0.0123569,-0.00458536,-0.00576069,0.00593121,-0.0517343,-0.0541128,-0.0229582,-0.0264204,0.00915587,-0.000615047,-0.00174908,-0.0101506,-0.00363635,-0.0170299,0.00402493,-0.00910281,0.00235082,-0.00431426,0.00714585,-0.0124569,-0.0148404,0.0122179,-0.00490768,-0.0148111,0.00733406,0.00126101,0.0108688,0.00502834,-0.0269916,-0.0115328,0.0138924,0.0180004,0.0144022,0.0375087,0.0477778,0.00206164,0.00441615,0.0126402,0.00964253,0.030158,-0.00412353,-0.00773346,0.00583512,-0.00376046,0.00510388,-0.0187316,0.000316964,0.00323983,0.00226571,-0.0117243,-0.0260601,-0.00412225,-0.0148674,-0.0286625,0.00342864,-0.031701,-0.028067,-0.0209157,-0.0329443,-0.00791424,-0.0451269,-0.0285098,-0.0185365,-0.0569484,0.00101976,-0.0183792,-0.0441807,-0.0344897,-0.0268809,-0.0137925,-0.0545929,-0.0410907,-0.00732767,-0.0120687,-0.0185305,-0.0298007,-0.0469014,-0.0583193,-0.0211775,-0.0292933,-0.00777944,-0.0340767,-0.0242771,-0.0273775,-0.00291662,-0.00045466,0.00516741,-0.0122515,-0.0431157,-0.0247459,-0.00194759,0.0206557,0.00413925,-0.00936334,-0.0126318,0.0153188,0.000753788,-0.00424483,-0.00348221,0.0188287,0.00719851,0.00608142,0.0197373,0.0168591,0.00559947,0.0115927,0.00569833,0.0046886,0.00442869,0.00734841,0.0263472,0.00306333,0.0165024,0.0450678,0.0337467,0.00031086,0.00971232,0.0275559,0.0174651,0.0282092,0.00309884,0.00467812,0.0161182,0.00335437,0.0160384,0.00152683,-0.00195985,0.0131476,0.0210737,0.0118246,0.0139059,0.0172701,0.0259103,0.0222453,-0.0111854,0.00128104,-0.0127975,0.00441351,0.00609567,0.00131927,0.00195924,0.0140771,-0.0265042,-0.0083257,-0.029064,-0.0334941,0.00734316,-0.0347512,0.000118825,0.0104133,-0.0257958,-0.010658,0.00864084,0.00960446,-0.0205867,-0.029171,-0.00234745,0.00540691,-0.0229141,-0.0321118,0.00546839,-0.00614856,-0.0386667,-0.0213101,0.00855119,-0.0176453,-0.0302521,0.000825882,-0.029898,-0.00813631,0.0219939,0.00714903,-0.00329341,0.00249831,-0.00266802,0.00703327,-0.000357669,0.00289341,0.00288403,0.0114852,0.00806269,0.0213945,0.038442,0.00109298,0.0326868,0.0162809,0.0370384,0.045475,0.0163291,0.0205639,0.0187059,0.00715537,0.0327449,0.0186728,0.0441998,-0.000362253,0.0116569,0.000540036,0.00526724,0.0187445,0.0106736,0.0415477,0.0105386,0.015718,0.0263711,0.011813,-0.00897034,0.00706756,0.0177077,0.00991786,0.0110753,0.00471027,0.0254166,0.00341156,-0.00223624,0.00229861,-0.0031187,0.00640366,0.0145061,0.00738652,0.0164438,-0.00188973,0.00161715,-0.00143581,-0.0162761,-0.00291723,-0.0167033,-0.00161878,-0.0633614,-0.0194006,-0.027365,-0.0194127,-0.0335102,-0.00941411,-0.00687796,-0.0293603,-0.00428013,-0.00994232,-0.00141147,-0.0347545,-0.0418796,0.000180187,-0.02277,-0.028468,-0.0236493,-0.0266703,-0.002295,-0.0474317,-0.0238216,-0.00715267,-0.0177205,0.0107885,-0.0124553,0.00507571,-0.0205834,0.00114179,0.000434949,-0.0156815,0.00375247,-0.00249683,0.0189504,0.0127572,-0.00216832,0.0244013,-0.0021768,-0.00305613,0.00855097,-0.00383405,0.0125143,0.0237512,-0.0101157,0.024393,0.0262451,0.0123647,0.0631811,0.0261301,0.0135833,0.0326892,0.0199806,-0.00127497,0.0182212,0.00561674,0.0155252,-0.00115568,0.0270273,-0.00594697,0.035183,0.0228247,-0.0232938,0.00945668,0.00396033,0.00140543,0.00241516,0.0110719,-0.00113062,0.0157577,0.00199517,-0.0355755,0.00712353,-0.00348408,-0.0370601,-0.0190983,-0.0153858,0.00955734,0.011304,0.0024825,0.00332477,0.011767,-0.0373066,-0.0114443,-0.00757355,-0.0543472,-0.0145474,-0.00979157,-0.0256457,-0.0114329,-0.03693,-0.0232019,-0.0382137,-0.043739,-0.0531088,-0.0502975,-0.0364322,-0.0424114,-0.0241253,-0.0365387,-0.0797663,-0.0653312,-0.0308894,-0.0246294,-0.0357147,-0.0104384,-0.00554625,-0.0219433,-0.0212767,-0.0324213,-0.0234973,-0.0342417,-0.03061,-0.0070481,-0.0250248,-0.0015932,-0.0117673,0.00266345,-0.0145032,-0.000848401,-0.000603805,0.0115443,0.00121599,0.000303927,-0.00162164,0.0158649,0.0124277,-0.00595272,0.0131839,-0.00207879,-0.0241427,0.0387847,0.0291878,0.0223372,-0.0122457,-0.0033312,0.0249395,0.0178946,0.00661026,0.0249138,-0.000524713,0.0063362,-0.00270323,0.0133317,-0.000530689,-0.000189045,0.000928763,-0.00192225,0.00403891,-0.0214284,-0.0069098,-0.00646211,0.00129937,0.00198537,-0.00318645,-0.00754372,-0.0051441,-0.0330868,-0.00895128,-0.015236,-0.0284612,-0.00733689,-0.0172473,-0.00857258,-0.0175851,-0.0386268,-0.0431325,-0.000965273,-0.0441206,-0.0104637,-0.0353484,-0.00812442,-0.0448987,-0.0371345,-0.0339022,-0.0456716,-0.0222774,-0.0291147,-0.0468251,-0.0232684,-0.0480456,-0.0440431,-0.00661905,-0.0587067,-0.0068133,-0.0165965,-0.0312598,-0.0026726,-0.000227849,-0.035579,-0.0383853,0.000211265,-0.0267313,0.0220034,-0.0209403,-0.000115763,-0.0282624,-0.00441236,0.00188681,-0.000922027,0.000236203,0.00104752,0.00600068,-0.00174901,0.0019425,0.0118117,-0.00228726,0.00785423,0.00285545,-0.0153704,0.00699828,0.0295567,-0.00175289,0.00328339,0.0225658,0.0243536,0.00923618,0.0459774,0.0234635,0.0347522,0.0516013,0.00637459,0.00641996,0.0272701,-0.00874517,0.0207682,0.0309251,0.0124834,0.0261062,0.0206486,0.0246729,-0.0129521,0.0261825,0.00513707,0.0102949,0.0327962,-0.0127083,0.00312838,0.013924,-0.046392,0.0102095,0.0167391,-0.00588308,0.00372346,-0.00321926,0.0055072,-0.00711675,-0.010157,-0.0250922,0.0126391,-0.023035,-0.0050373,-0.00566587,-0.0427236,-0.0432382,-0.0259906,0.000281409,-0.0351837,-0.0403344,-0.0221102,-0.0258463,-0.0155785,-0.0192685,-0.0075048,-0.028231,-0.0106066,-0.0199252,-0.0125162,-0.0193656,-0.00507317,0.0104797,0.00847698,0.00647795,-0.0197368,-0.0312249,0.00185294,-0.00804919,0.0222099,-0.00125772,0.00556506,0.0165703,-0.0132902,-0.0073319,0.0247621,0.0160735,0.0351933,0.020676,0.00914165,0.00864846,0.00157274,0.0122226,0.0274773,0.0244618,0.0072499,0.0102369,0.0222279,0.0251598,0.0412018,0.0145122,0.0217894,0.0349028,0.0348867,0.0213776,0.0214676,0.0143333,0.0164092,0.015301,-0.00581727,0.0119442,0.0259071,0.012784,-0.0042682,0.0336984,0.0222654,0.0338648,0.0345263,0.00468497,0.000631483,-0.00152233,0.00591762,0.00106501,0.000871841,0.00615588,0.0220056,0.00160522,-0.00192762,0.00738569,-0.00144077,0.003788,-0.0182466,-0.0227671,-0.00978876,-0.0208616,-0.0163704,-0.0399354,-0.0136053,-0.0132755,-0.0198981,-0.024409,-0.0146227,0.00401905,-0.00652267,-0.023292,0.00869734,-0.0319811,-0.0128792,0.00989807,-0.0256716,-0.0175022,-0.00855192,-0.0147491,0.00602494,-0.0244132,-0.0248716,0.00359556,-0.0150045,0.00321164,-0.0403563,-0.0110052,0.00483629,-0.00476584,0.00697491,-0.021378,-0.00504669,0.0125239,-0.0377119,-0.00889783,0.0104621,0.0104832,0.00375083,0.0165124,-0.00642081,0.0156801,0.000506191,0.0126138,0.00424588,0.0272027,0.0108561,0.013183,0.0174326,0.013474,0.0472256,0.0102181,0.010633,0.0249624,0.00889662,0.0145572,0.0122236,0.017446,0.0241776,0.0261405,0.0130117,0.00190645,-0.00160216,0.00252402,0.0102881,0.0102527,0.00257262,0.00499663,0.0170886,0.000270409,0.00177669,-0.0170533,0.00020137,-0.0212803,-0.00225909,0.0235714,-0.00427364,0.00464689,-0.0130357,-0.000948306,-0.00319387,-0.0100356,-0.0022165,-0.0358543,-0.00706406,-0.0364895,-0.0309588,-0.0239009,-0.00942758,-0.0200769,-0.027574,-0.0385287,-0.0305268,-0.0313525,-0.0295014,-0.00716993,-0.0257706,-0.0394737,-0.00887538,-0.026048,-0.0412906,-0.0256701,-0.0340892,-0.036214,-0.0215797,-0.0196737,-0.0245507,-0.0310527,-0.0168341,-0.0185625,-0.0074276,-0.0159157,-0.00347294,-0.0168234,-0.013364,0.000893163,-0.0292548,-0.0132472,-0.0278436,0.0152915,0.0170009,-0.0277606,0.00253227,0.0187407,0.00335135,-0.00416006,0.0144702,0.007709,-0.00168966,-0.00424036,-0.00715485,0.0213503,0.0141592,0.0214585,0.0360151,0.014177,0.00675755,-0.00101224,-0.000258526,0.0383918,0.0517602,0.0353498,0.0189441,0.00717933,0.0151361,-0.000107112,0.00455528,0.00420876,0.0123536,-0.00759018,-0.0111209,0.00884292,-0.0105103,0.00452632,0.00230564,-0.00230907,-0.0137299,-0.00996477,-0.019731,-0.0423929,-0.0489859,-0.0348634,-0.017364,-0.0399158,-0.0390944,-0.0394948,-0.0389756,-0.0194864,0.000626506,-0.0459866,-0.0238472,-0.00146667,-0.00147852,-0.0437948,-0.0411405,-0.0423593,-0.00198767,-0.0287256,-0.0420561,-0.019135,-0.0437492,0.00111934,-0.00440681,-0.0365208,-0.0326367,-0.0318099,-0.0319974,-0.0478746,-0.00464137,-0.000506103,0.000678158,-0.0280546,-0.0374964,-0.00811687,0.00556395,0.00197632,0.00133723,-0.00326156,0.00655575,-0.0203093,-0.014333,0.0368229,-0.00175257,0.00179437,0.000675681,0.0170034,-0.00138164,0.0100909,0.0195806,0.00888411,-0.00461387,0.00100987,0.00694409,0.0107295,0.016356,-0.00387225,0.0212536,0.0228737,0.0371627,-0.00466558,0.0120251,0.0169824,-0.0228279,0.0126111,0.0162159,-0.00574227,0.0150074,0.00760202,0.00125615,0.0250817,0.0198823,-8.35854e-05,0.012498,0.0159732,0.000996384,0.0110484,0.00168447,-0.000351586,-0.000376541,0.010267,0.00100644,-0.0051609,-0.00316908,-0.0352493,0.00277996,-0.0130157,0.00685896,0.00175106,-0.0121057,-0.0224354,0.0102088,-0.00250078,-0.0146022,-0.00829926,0.00298761,-0.0261451,0.00746166,0.00223977,-0.013395,0.00616949,-0.00766785,-0.0284063,-0.0205546,0.0101051,-0.030808,-0.0209511,0.00239908,-0.0287002,0.00233978,-0.00472965,-0.0294278,-0.0174525,0.0076454,0.0020073,0.000146214,0.0121156,-0.0225854,0.0131767,0.0264734,0.00901281,-0.00676348,0.0241934,0.024073,0.00574335,0.0204958,-0.00895719,0.0178881,0.0163212,0.00882802,0.00751821,0.0292042,0.0155445,0.007722,0.0112263,-0.00225282,0.029938,0.0184963,0.0153611,0.0293225,0.0180643,0.0250166,0.0413988,0.0155602,0.0235667,0.0275189,0.0207943,0.0414767,0.0532713,0.0266501,0.024659,0.0337058,0.0244865,0.0200123,0.0051382,0.00953483,0.00854892,0.0221726,-0.00599371,0.0125386,0.00281783,-0.00274377,-0.0128734,0.0252312,-0.00768435,0.00416875,-0.00430954,-0.008034,-0.0064404,-0.0144321,0.0035026,-0.0193801,-0.0228183,-0.0301283,-0.0144187,-0.00342888,-0.0152314,-0.0388822,-0.0177356,0.000618197,-0.0153576,-0.0120799,-0.000236138,-0.0212524,-0.0345131,-0.0246605,-0.0395718,-0.0549385,-0.0379408,-0.031152,-0.00347235,-0.018018,-0.0148618,-0.0318565,-0.0013009,0.00326443,-0.0124569,-0.0135456,-0.00273814,-0.0208862,-0.0141375,0.0167175,0.00282474,-0.0185258,-0.00451633,-0.00212447,0.000647708,-3.10821e-05,0.000578834,0.00898629,-0.0140664,-0.00272358,0.00839784,0.00202279,0.052165,0.00710751,0.0140666,0.00639105,0.0224648,0.0367054,0.0048914,0.027117,-0.00323954,0.0143946,0.0181302,-0.00073609,0.0103947,0.0565149,0.0122452,0.0105002,0.0124592,0.0153173,0.0162167,-0.0028646,0.00402681,0.0110951,0.0294692,-0.0252534,0.0196257,0.00977342,-0.0205738,-0.00416384,-0.00778444,-0.0038861,-0.000148824,0.00197814,-0.0051424,-0.00747051,-0.0187472,-0.0141762,-0.0167777,-0.0249571,0.00415889,-0.003843,0.00402487,-0.0412444,-0.00819635,-0.0112103,-0.00844192,0.0176926,-0.0233013,-0.0314669,-0.0416918,-0.0152949,-0.0338666,-0.0342254,-0.00462057,-0.0235785,-0.0282932,0.0106091,-0.0377926,-0.025626,-0.00177275,-0.0382259,-0.0348344,-0.0304814,-0.0275819,-0.0479336,-0.0122457,-0.0154846,0.0084685,-0.0402804,-0.0164864,-0.0018866,-0.0348514,-0.00824325,0.00454339,-0.0155757,-0.00398251,-0.00220962,-0.000623383,0.00702835,0.00401855,0.021213,-0.00122286,0.00036253,0.00149755,0.0135286,-0.00696337,0.0235913,0.00430364,0.0199436,0.00872907,0.0142577,0.0101664,0.0127898,0.0224839,0.0381135,-0.00213084,0.0120278,0.0333225,-0.00335452,0.0167815,0.0226396,0.00602747,0.0384154,-0.000536733,0.0242598,0.0140735,0.000495461,-0.0140249,-0.000509176,0.00155724,-0.0146612,0.00833796,-0.00796169,-0.0298466,-0.0223942,-0.00866751,0.00492419,-0.0083632,-0.0179749,-0.0272038,-0.0326976,-0.00689858,-0.0210017,-0.015047,-0.0198046,-0.0379594,-0.00904919,-0.00767681,-0.0345685,-0.0528289,-0.0297348,-0.0291875,-0.0329897,-0.0595971,-0.0341763,-0.00199587,-0.0272295,-0.0231914,-0.0358221,-0.0155343,-0.0322288,-0.00952665,-0.0141693,-0.0223467,-0.0152601,-0.0154983,-0.0128265,-0.0116696,-0.00531055,0.00106988,0.0020521,-0.0496322,0.00554303,-0.0216503,-0.0220881,-0.00212458,-0.00423276,-0.00215626,-0.0186985,-0.00897627,-0.0013856,0.0152596,0.0142083,0.0185529,0.00435379,-0.0174203,-0.00494083,0.00626304,0.0249982,0.027309,0.0087221,0.0351573,0.0170337,-0.00532884,0.0112885,0.0453257,0.00396394,0.00550425,0.0336203,0.00308218,0.00804854,0.0125632,0.0117659,0.0293382,-0.00038885,0.00383225,0.0196543,0.0108392,0.00159061,-0.00112463,0.00299175,-0.0164356,-0.00447502,0.000651316,0.00143381,-0.0177066,-0.00835127,0.000359308,0.00325819,-0.0202577,-0.00600449,0.0119203,-0.0151369,-0.0333785,-0.00517618,-0.0117413,-0.0094582,-0.0366311,-0.00570551,-0.0382489,-0.0316889,-0.0448539,-0.0131979,-0.0303713,-0.0476905,-0.026775,-0.00891225,-0.0497928,-0.00119689,-0.011607,-0.0166444,0.0021285,-0.0401927,-0.0199902,-0.00270595,-0.0305424,-0.0324746,-0.0254116,-0.00168521,-0.0202083,-0.0102545,0.00775066,0.00808506,0.00101469,-0.000844739,0.006609,-0.000744411,0.0134534,0.0223468,-0.0227975,0.0120408,0.00589571,0.0036385,0.016325,0.00349749,0.00508414,0.00590616,0.0162792,0.00547227,0.0183671,-0.00761929,0.0237311,0.00442417,0.0237644,0.0206396,0.0308526,0.0418138,0.0384284,0.0347271,0.00373384,0.00509805,0.0119184,0.0205608,0.0378609,-0.000315216,0.0443765,0.0281698,0.0327519,0.017848,0.0380202,0.00694853,-0.0123544,0.029045,-0.0139371,0.00556409,-0.00365532,-0.0144874,0.00253033,0.00116579,-0.00993675,-0.00227769,-0.0191511,-0.00795684,0.00275914,-0.000565033,-0.0193432,0.00771673,-0.0173712,-0.013893,-0.00385798,-0.00251962,0.00318386,-0.0349007,-0.0199226,0.0105881,-0.0350933,-0.0275148,-0.0146671,-0.0539565,-0.0242729,0.00698799,-0.0137376,-0.0452343,0.00180769,-0.0139795,-0.0208903,-0.00175878,-0.0262052,-0.023944,-0.0207726,-0.0300767,-0.0249245,-0.0218781,-0.0269363,-0.00309365,-0.0229199,0.00459837,-0.00252414,-0.00382481,-0.0153903,-0.0256183,0.0098381,-0.00388228,0.0235187,0.0172064,-0.000849202,0.00558968,-0.0151853,0.0185722,0.00625398,0.0134727,0.00117079,0.00357526,0.0234064,0.0102417,0.0188414,0.0132585,0.0241242,0.00505503,0.00919437,0.0199413,0.00272725,-0.000294719,0.0102231,0.0311795,0.0200816,-0.00224259,0.000592703,0.00229262,0.0201879,-0.00418476,0.0320635,0.0306392,0.000260368,0.0176171,0.00357047,-0.00230892,0.00711432,0.00820872,-0.00333567,0.0026723,-0.00299324,0.00481045,-0.0289843,-0.027406,0.0123834,0.00360369,-0.0174333,0.000729773,0.0039388,-0.0157676,-0.0157242,-0.00612644,-0.0408727,-0.00452172,-0.00983135,-0.0601038,-0.0195498,-0.0187173,-0.0299135,-0.0102747,0.00144422,-0.0375756,-0.0275824,0.00534005,-0.0179085,-0.00191818,0.00494774,-0.0344191,-0.0194983,-0.0114205,-0.0305371,-0.0102314,-0.0394612,-0.0672255,0.00793353,-0.0138453,-0.030837,0.00795871,-0.0176214,-0.0328303,-0.0039731,0.000268722,0.00645671,-0.0137364,0.00061332,0.00250332,-0.0106444,-0.0254981,0.00355945,0.00400539,-0.0270405,-0.00702954,-0.0109256,-0.0149876,0.00434403,0.00445867,0.0165052,0.0142547,0.00803278,-0.0109686,0.0042996,0.0196256,0.000499488,0.00673629,-0.000619131,0.0113814,0.0016253,0.00380625,0.0168196,-0.00334432,0.00139669,-0.000153411,0.00192806,-0.0167527,0.0105883,-0.00462504,-0.00657105,0.00353489,0.00537842,0.0109346,-0.0211219,-0.00696151,-0.00366215,-0.00807879,-0.025671,-0.0212619,0.00785744,-0.0160702,0.00285502,-0.033785,-0.0382626,-0.00359464,-0.0402372,-0.0212845,-0.0110773,-0.0170517,-0.0347303,-0.0250399,-0.0364468,-0.0310118,-0.0245702,-0.0478979,-0.0223459,-0.0143263,-0.0286416,-0.0320512,0.00589925,-0.0414475,-0.0314986,-0.0307667,-0.0425819,-0.0482693,-0.0287878,0.00114121,-0.0131302,-0.0184624,-0.0342302,-0.0424702,-0.010929,-0.00817015,-0.0294625,-0.0166783,-0.000925985,-0.00647403,-0.0130607,-0.0211659,0.00050462,0.0105056,0.0117614,0.007161,0.0266897,-0.0110105,0.00974961,0.00569817,0.00405565,0.00229115,0.0329892,0.0221951,-0.00999843,0.0329205,0.000224464,0.0342925,0.0138517,0.00229648,0.00660694,0.023295,0.0132219,0.0125745,0.0245669,-0.00272907,0.0235702,-0.00241849,-0.0176833,0.0212521,0.0336529,0.0167192,-3.77631e-05,-0.00110132,0.00777226,0.00769488,-0.00538367,0.00877093,-0.0225947,0.00519013,0.0196175,-0.0036005,0.00235073,0.00761479,0.00739947,-0.0138866,-0.0152263,-0.00312699,-0.0283502,-0.0176648,-0.0156662,-0.0251829,-0.0223192,-0.0219347,-0.00697244,-0.0100436,-0.0323372,-0.0180075,-0.0447493,-0.0132003,-0.0134951,-0.0302026,0.0103687,-0.0321567,-0.00332901,-0.0159015,-0.0439699,-0.0290657,-0.0123819,-0.0254332,-0.035189,-0.0134529,0.00652871,-0.0158074,0.00301627,-0.00872963,-0.0133529,0.00996426,-0.00361904,0.00592831,0.0142859,-0.00194943,-0.0188033,0.0048073,-0.0136553,-0.0120934,-0.00844165,0.0304363,0.0221907,0.0100938,-0.0107593,-0.0080587,0.0147979,-0.0139286,0.00483495,0.0100708,0.0224742,0.00281478,0.0311738,0.00458931,0.00295807,0.00590527,0.0169715,0.0233874,-0.0101787,0.0321042,0.0119429,0.0191889,0.0430048,0.0199158,0.0116797,0.0114845,0.0222837,0.00773932,0.00998832,0.00550165,0.0114289,-0.000715415,0.0022528,0.0182072,0.00865885,0.00904707,-0.00313223,0.00347234,-0.0127772,0.0129429,0.00843562,-0.0108608,-0.0147484,0.00443764,-0.00229947,0.00129204,-0.000707757,0.000804002,0.00783248,-0.00850948,-0.021717,-0.00790216,-0.00886562,-0.0284774,-0.0229658,-0.00104689,-0.0169378,-0.00991795,-0.00117086,-0.00455507,-0.0262577,-0.0142002,-0.0138556,-0.00232972,0.00359105,-0.016795,-0.00378099,-0.0147385,-0.00454494,-0.0206793,-0.00358723,0.00854686,0.00546123,-0.0160254,0.0153273,-0.0331438,0.0106915,-0.00453466,-0.0158448,0.0140057,-0.00590075,-0.0229618,-0.00100299,0.00842402,0.00136507,0.0034215,0.0145181,0.0231072,0.00896891,0.000199296,-0.00308382,-0.0212775,0.0107372,0.0315078,0.00973542,0.0178839,0.027309,0.0147956,0.0306311,0.0313205,0.00679046,0.0173131,0.0160754,0.00100631,0.00610113,0.0160932,0.00858425,-0.00248924,0.00530514,0.0197604,0.0109984,0.0255386,-0.00113552,0.0245962,0.025414,0.0213699,0.0066008,0.0109839,0.000631976,0.00207775,-0.00551784,0.0188837,0.0187548,-0.0103552,-0.0281753,-0.0232235,0.00599664,-0.00288069,0.00129967,2.08801e-06,-0.00201891,-0.0169036,-0.0180102,-0.0197117,-0.0369582,-0.0176924,0.00698051,-0.0239707,-0.0316218,-0.0050532,-0.0291224,-0.0066187,-0.0235577,-0.0274299,-0.0233488,0.00116772,-0.0318652,-0.0272749,-0.0126857,-0.03397,-0.0301117,-0.0636307,-0.0254061,-0.0437837,-0.0273246,-0.033553,-0.00808003,0.00385709,-0.00310609,0.00364089,-0.0121825,-0.00151486,-0.015726,-0.0040776,-0.0263865,-0.0114693,-0.00335513,0.00279264,0.0157743,-0.0245314,0.00652722,0.00672922,0.00489962,0.000773212,0.00142687,0.00925749,-0.0117947,0.000445796,-0.0292862,0.0157915,-0.0279177,-0.00482772,-0.00204729,-0.000256118,0.0028199,-0.00312321,0.0147814,0.00521359,0.00281747,-0.00700438,0.00587099,0.002165,0.00656804,-0.000415211,0.00949522,0.0201415,0.00624755,-0.00188322,-0.00227463,-0.00483367,-0.000707248,-0.00831437,-0.0138333,0.00389279,0.0145032,-0.00806573,-0.010253,-0.0319771,-0.0140471,-0.00805466,-0.0125231,-0.000103736,-0.0250775,-0.0421421,-0.0244003,-0.0350277,-0.0181725,-0.0321103,-0.0203878,-0.0244442,-0.0376845,-0.0250196,-0.0025235,-0.0134278,-0.0339069,-0.0300469,-0.020981,-0.0123915,-0.0357653,-0.030502,0.00367001,-0.0329573,-0.00621324,-0.0362149,-0.00857996,-0.00522611,-0.000581014,-0.0160339,-0.00368242,-0.00345464,-0.00330778,-0.0164414,-0.0141387,-0.0332024,-0.00650643,-0.000270274,-0.0187872,0.00742013,0.00631241,-0.00115094,-0.0247909,-0.00409914,-0.00178398,-0.0115043,0.0207645,0.018587,0.00643312,-0.0181452,0.00468383,0.0103279,0.00206217,0.00389418,0.0123114,0.0108063,0.00974601,0.00492262,0.0234353,0.00681266,-0.00278557,0.00437067,0.0196774,0.0011442,0.000164683,-0.000885314,0.00362153,0.0190795,-0.0190252,0.0168655,0.0115625,0.0155081,0.00163639,0.00561888,-0.000921887,0.00135412,-0.00401127,-0.0194424,-0.0200574,-0.0064541,0.00205042,-0.000139715,0.00877317,-0.0320122,-0.0460183,0.00658426,-0.0347901,-0.0191544,-0.0378893,-0.033596,-0.0272764,-0.0555508,-0.032259,-0.062682,-0.0454683,-0.022881,-0.0168203,-0.00882259,-0.0294733,-0.0341042,-0.0350523,-0.0306942,-0.011808,-0.0258472,-0.0117837,-0.0141535,0.00174213,0.0100083,0.000801515,-0.0339696,-0.0307929,-0.00415834,-0.00728312,0.0330616,-0.0152474,-0.00151549,0.0102516,-0.0237113,-0.0313687,0.00718849,0.00260867,0.00125523,0.0151843,0.00180985,0.0100414,0.00312783,0.00313781,0.0106895,0.00592892,0.00964066,0.00637388,0.0165831,0.0138705,0.00193647,0.012168,-0.0127438,-0.00999561,0.0264085,0.00441495,0.0262767,0.0235662,0.0285509,0.0276218,0.0202835,0.0213794,0.0226112,0.000998265,0.0308023,0.0143457,0.0100671,0.0285321,0.0175952,0.0228947,0.0196759,0.00112308,-0.000390785,0.00214971,0.00542772,-0.00273113,0.0216279,0.0146583,0.0118093,-0.000759915,0.00692566,-0.00309982,-0.0147288,-0.0146393,-0.00600513,0.00228965,-0.0288968,-0.0108834,-0.0055886,-0.0310559,-0.0180552,-0.0281019,-0.0196919,-0.0337469,-0.0140206,-0.0281949,-0.00930836,-0.047363,-0.0119744,-0.0134579,-0.0147164,0.0138253,-0.0227868,-0.0333108,-0.0126048,-0.00595324,-0.00112613,-0.019053,0.01197,-0.0121655,-0.00376796,-0.00029065,-0.00885476,-0.0123883,-0.0130225,0.00174199,-0.0151089,-0.00926157,0.00808608,-0.0134755,0.00550912,-0.00478809,-0.0171173,0.00512278,-0.012018,0.0145923,0.0200205,-0.0026338,0.00989356,-0.00690897,0.00363633,0.0183743,0.0320975,0.0214157,0.0146923,0.0187224,0.00118112,0.0229477,0.00711544,0.00959822,0.0126007,0.0283014,0.0455249,0.011977,0.00593262,0.0152527,0.0515364,0.0192005,0.00183761,0.0113055,-0.00381612,0.0024227,-0.00203469,0.0150794,0.00495327,-0.00253308,0.0133432,0.0237746,0.0106743,-0.00151929,-0.0198646,0.00649994,-0.00267205,0.00770435,-0.00137431,0.00135835,-0.001539,0.00228439,-0.00573364,-0.00923772,0.00243022,-0.0013005,0.000683503,0.000510395,-0.0185689,-0.0363303,-0.0344207,-0.0207538,-0.0336729,-0.0389291,-0.0166109,0.00126671,0.00242438,-0.00635154,-0.0417839,-0.00612641,-0.00532698,-0.0171945,-0.0125431,-0.0265164,0.00801931,-0.000661258,-0.0291908,0.00620831,-0.00954899,-0.00574997,-0.00245584,-0.00875819,-0.0372393,0.00653474,-0.00553184,-0.00351687,0.00543461,0.0159057,-0.00976495,-0.00785848,0.0105135,0.00963404,-0.00455499,-0.0193549,0.0157589,0.0244302,-0.00023574,0.00238871,0.00519946,-0.00245606,0.0169694,0.0225278,0.0484438,0.00890235,-0.0131091,0.00610552,0.00274679,0.00069568,0.0235502,0.00328304,0.00974327,0.00232638,0.0255589,0.0150675,0.017406,0.0135722,-0.0196597,-0.0194086,0.00331589,0.0302587,-0.00958142,-0.000850886,-0.0109099,-0.0249927,0.00507824,-0.0102866,0.00810055,-0.0139176,-0.0164539,0.00317445,-0.0190561,-0.0255843,-0.012776,0.00294555,-0.0477985,-0.00902455,-0.0103998,-0.0293999,-0.0223328,-0.0374719,-0.0115915,-0.0518055,-0.0441995,-0.0520249,-0.0477155,-0.0251456,-0.0667288,-0.0458311,-0.01967,-0.0295988,-0.0227665,-0.0311569,-0.0562942,-0.0189357,-0.00457105,-0.0421234,-0.0153724,-0.0311019,-0.0517897,-0.0358289,0.0088652,-0.0508312,-0.00895723,-0.0145115,-0.0131573,0.00984681,-0.00446462,-0.0290045,-0.0103094,-0.0260639,-0.0293736,0.00986368,-0.00301101,0.000543057,0.00368458,-0.0113355,0.00174279,-0.0002459,0.00828988,-0.00746032,-0.000750738,0.000903059,0.0165736,0.00568374,0.00122777,0.00488857,0.00163346,0.00424777,0.00971989,0.0145215,-0.0012662,0.0130153,0.00960804,-0.00234555,-0.00694317,0.0141782,0.0192937,0.00325542,0.000866448,0.018738,-0.0125584,-0.00560142,-0.000767309,0.00718257,0.0119236,0.00721634,-0.00437458,-0.00722096,0.00448009,-0.0176403,-0.01109,0.00498555,-0.0322762,-0.0160384,-0.0136554,-0.000835763,0.00234075,-0.0206992,-0.0494568,-0.00141083,-0.0456121,-0.0310287,0.000728492,-0.0473215,-0.0216789,-0.00358199,-0.0164588,0.000583551,-0.0435358,-0.028734,-0.0364834,-0.0317886,-0.000562223,-0.0118192,-0.0191448,-0.033509,-0.0122339,-0.0247365,-0.0190693,-0.0166631,-0.0213269,-0.0241723,-0.00699302,-0.0050595,-0.022302,0.0192245,-0.0126456,-0.0114371,0.00202491,-0.00971735,-0.0216802,0.0161082,-0.0226601,-0.0047855,-0.00335617,0.0153617,0.034233,0.00359214,0.00972474,-0.00179267,0.00413923,0.0103352,-0.00166578,-0.0054966,0.0244794,0.000680823,0.0138718,0.00294975,-0.00606585,0.00533518,0.00397999,0.0327328,0.0247987,0.0119947,0.000598435,0.0055829,0.00866173,0.0193551,0.00506355,0.000614362,0.0120877,0.00794937,-0.00261929,0.00175586,7.26022e-05,0.0143672,-0.0156842,-0.0181899,-0.000232187,0.00725845,-0.00308986,-0.0047613,0.00312099,-0.013262,-0.0168473,-0.00763504,-0.00604517,-0.0259998,0.00838491,0.000170473,-0.00945709,-0.00486402,-0.0114392,-0.0252658,-0.029797,-0.00444281,-0.0127252,-0.00783451,-0.0272557,-0.0091991,-0.00568488,-0.0387187,-0.00997165,-0.0236606,-0.0266126,0.00633502,0.00193599,-0.017011,-0.00388583,-0.0243641,-0.0329636,-0.0164444,-0.0293425,-0.021897,-0.0220194,-0.0282811,0.0108691,-0.0117366,-0.00151397,0.00951145,0.0135585,-0.0118668,9.70475e-05,0.00844992,-0.00294713,0.0270009,0.0131933,-0.00187398,-0.00175534,-0.0148801,0.00743119,0.0151415,0.00796491,-0.00849519,0.0322955,0.00627502,0.00586837,0.0174425,0.0113178,0.0108913,0.00750328,0.0124649,0.0220355,0.0153802,0.0193042,0.0226158,0.0102716,0.0052285,-0.00139599,0.0329647,-0.0114571,-0.0111551,0.0110602,0.0137619,0.0394628,0.00345481,-0.000558461,0.00165535,0.00668073,0.00276922,0.00324707,-0.0108486,0.017194,0.00893421,-0.0106585,0.0272259,0.000478477,-0.00444972,-0.0127073,-0.00328617,-0.0441068,-0.0109365,0.00792008,-0.00543486,0.00947711,-0.00296264,-0.0123626,-0.00437951,0.000916353,-0.0215318,9.39314e-05,-0.0101361,0.00224057,0.0217066,-0.00634635,0.00314154,-0.00129721,-0.000694229,0.0134686,0.0110439,-0.020638,-0.0324467,-0.00196268,0.00278828,0.0142355,0.0021304,-0.0346471,-0.0397315,0.016557,-0.0162298,-0.00590357,-0.0112635,0.00439336,-0.0127036,-0.000781284,-0.0134469,-0.013904,0.0105605,-0.00392434,0.0050737,-0.0227668,-0.010659,-0.00394957,-0.0182904,0.01297,-0.00961562,0.0113648,0.00192882,-0.0368466,0.0084011,-0.0134023,0.00465606,0.00586401,0.0163797,0.0259225,0.0209346,0.023348,0.0179152,-0.00296373,0.00706007,0.0136449,-0.00222706,0.00195013,0.00118115,0.0300919,-0.00354376,-0.00783703,0.0199644,0.00871989,0.0128706,0.00573344,0.00284655,0.00406393,0.0178678,-0.00756924,0.00628263,-0.00677025,-0.00014926,0.00746641,-0.00171163,-0.0109488,-0.00849952,0.000904457,-0.00045265,0.00108759,-0.0259264,-0.0393538,-0.00662302,-0.000245782,-0.0174191,-0.0517818,-0.00933563,-0.0374976,-0.0204584,0.00994617,-0.0325032,-0.0146071,-0.0320848,-0.0489617,-0.0182407,-0.0425057,-0.0343728,-0.0165678,-0.0418836,-0.0525332,-0.0387357,-0.014805,-0.023689,-0.0234038,-0.0391392,-0.00125317,-0.0141114,-0.0351484,-0.0240363,-0.0310251,0.00443163,-0.0486843,-0.0332507,-0.0309098,0.00728905,-0.0425294,-0.0175498,0.0096431,-0.00860942,0.0018614,-0.004249,0.0124945,-0.0198583,0.0236301,0.00593196,-0.00300776,-0.00557821,0.00961011,0.00372377,0.000351906,-0.00311283,-0.0108405,0.00275015,0.011558,0.00934975,-0.00594614,0.00272836,-0.00161322,0.0216003,0.00399155,-0.0204527,-0.00109598,0.0329625,-0.00748098,-0.00662378,0.00516925,-0.010984,-0.0105531,0.00115447,0.003547,0.00473557,-0.0196729,-0.00889082,0.00228012,-0.0309376,-0.0197025,-0.0267524,0.00744718,-0.00545423,-0.00868603,-0.0195341,-0.0225549,-0.0221702,-0.00714878,-0.0110383,-0.0563604,-0.018095,-0.0228544,-0.00556835,-0.0204009,-0.00897386,-0.00622684,-0.0403406,-0.00907537,-0.042174,-0.050493,-0.0147048
1784907946.229,-0.0351302,0.019544,-0.000978212,0.0302418,0.0307344,-0.00438997,0.0216583,0.00620195,0.00581779,0.0076793,0.00913566,0.0049887,-0.0086141,0.0213185,0.0191603,0.0218447,0.0197632,0.0329179,0.010386,-0.010603,0.0101423,0.0239541,0.0334577,0.0308807,0.00442712,0.0297883,0.0455718,0.00774092,0.000624032,0.0191691,-0.0213487,0.0202267,0.00677166,0.0126569,0.0170915,-0.0138147,0.0191966,-0.0156634,0.00220943,-0.00160872,0.00148095,-0.00170904,0.0025558,-0.00611354,-0.00951495,0.0137939,-0.0242689,-0.0297632,0.0104173,-0.015608,-0.0332236,0.0139389,-0.031407,-0.0442794,-0.0178428,-0.00880975,-0.0472712,-0.0388624,-0.0170428,0.010752,0.00988089,-0.031513,-0.0371867,0.00357565,-0.0393874,-0.00143447,-0.00161506,0.0047313,-0.0159814,-0.0185337,-0.00579936,-0.00280654,-0.00405782,0.00885517,-0.0105981,-0.0289465,-0.0104281,0.00106011,0.00064696,-0.00252339,-0.00138745,0.056075,-0.000281043,0.00342946,-0.0107987,0.0334103,0.00660366,0.00502267,-0.0146569,0.0235222,0.0037317,0.0322421,0.00782928,0.005124,0.0217522,0.0156552,0.011105,0.031606,0.0393457,0.00919437,0.0176917,0.0282283,0.0107888,0.0564069,0.0333279,0.00040819,0.0251976,0.0182424,0.00616754,-0.00324751,0.0112548,0.000994028,0.0255233,0.0337943,0.00764525,-0.00377239,0.0263149,0.0148367,0.00358291,0.0237976,-0.00813667,0.00658743,0.0147121,7.73964e-05,-0.000640057,0.00100204,-0.0015656,0.00291058,-0.00816253,-0.0413979,-0.0176696,-0.000494927,0.000252122,-0.0153283,-0.0579637,-0.0132317,-0.0316474,-0.0262366,-0.0252427,-0.00154754,-0.000976162,-0.000907912,-0.00169968,0.000549929,-0.0230502,-0.0334877,-0.0204424,-0.0285369,-0.0347345,-0.0454808,-0.0118994,-0.0148132,-0.0032496,0.0103715,-0.0209516,-0.0156627,-0.000117808,-0.0382616,-0.0125371,0.00012771,0.00827144,0.021557,-0.00843231,-3.75514e-05,-0.011593,0.000807057,0.00410113,0.0136997,0.00666187,-0.0120983,0.00994515,-0.0108334,0.0130757,0.01343,-0.0231617,0.0180976,-0.0144131,0.00609348,0.0153506,-0.00220605,0.0180547,0.00852148,-0.00730296,0.0303422,0.0208443,-0.00238974,0.023708,0.00561865,-0.00119068,0.00799918,0.0133901,0.0128598,0.00109294,0.00282045,-0.00272453,-0.0084702,0.0124538,0.00585532,-0.00657256,-0.00543235,0.00677801,-0.0315816,-0.0051379,0.000271054,-0.0126401,-0.00271412,-0.00801378,-0.0119035,-0.0295668,0.00429561,-0.00915507,-0.00331134,-0.0142524,-0.0180828,-0.0125932,-0.0398404,0.00868152,-0.0436343,-0.0165882,-0.0164646,-0.0325033,-0.0290889,-0.0474107,-0.0411867,-0.0109551,-0.0293202,-0.0142984,-0.0469844,-0.0245017,-0.00181182,-0.0116352,-0.00251745,-0.00842863,-0.0249133,-0.0195763,-0.016367,-0.0339815,-0.0158604,-0.0307289,-0.0105123,-0.0115106,-0.00767552,-0.0117356,-0.00544996,0.000748644,0.000450285,-0.00166116,-0.0039386,-0.00327381,0.0143399,0.00729053,-0.000361933,0.018642,-0.0020646,0.000186427,0.0192996,-0.00447937,-0.00646761,0.0258053,0.0129588,-0.00645143,0.0116875,0.00599261,0.00444095,0.0277517,-0.0121398,-0.00971259,0.0172103,-0.00399456,0.0369642,0.00427752,0.0281517,0.0100015,0.00956566,-0.00350619,0.0177159,0.000829362,-0.00147057,0.00274401,-0.00978728,-0.00485063,0.000412145,-0.0128033,0.0019462,-0.00079325,-0.0135499,-0.0261556,-0.00183936,-0.00311152,-0.0433573,-0.0109612,-0.0144446,-0.0253135,-0.0128363,-0.00570921,0.00486102,-0.0135636,-0.0336463,-0.0418676,-0.015058,-0.0488973,-0.00831126,-0.0172697,-0.0188326,-0.0362396,-0.0334459,-0.0326252,-0.0111138,-0.000860814,-0.0358824,-0.0465218,-0.0156951,-0.0185656,-0.0155668,-0.0055242,-0.0383973,0.00422564,-0.0336591,-0.000528051,-0.0304635,-0.0200652,0.00591631,-0.0224827,0.00538176,-0.003839,0.0290412,-0.00862081,-0.0123074,0.0152104,-0.0243537,-0.0131656,0.00496505,0.00362376,0.00940811,0.0023068,0.0276712,0.0187339,0.00786603,-0.00220655,-0.0172153,0.00512298,0.00553495,0.0164986,0.00977149,0.0106667,-0.0075427,0.0284024,0.0146776,-0.00450066,0.0303824,0.0294455,0.0149514,0.0430381,0.00342864,5.72052e-06,0.0228581,0.00893769,0.00997477,0.0126691,-0.00194445,0.00282381,-0.0152166,-0.00709382,0.00992331,-0.00376171,-0.00371657,0.00441354,-0.0124829,0.0113294,0.00846054,0.0110637,-0.0244285,-0.00628156,-0.0323585,-0.0454893,-0.00239913,-0.011668,-0.0144889,-0.0224298,-0.0173963,-0.0086851,-0.0191749,-0.0503768,-0.00419586,-0.00519045,-0.0165509,-0.0198299,-0.00721547,-0.021337,-0.0114619,-0.019742,-0.0190365,-0.0172681,-0.0146208,0.00140049,0.0171731,7.59793e-06,-0.0138689,0.00512224,-0.0147442,-0.0497036,0.00273778,-0.00147567,0.000873884,-0.000455081,9.46111e-05,0.000229013,-0.000675946,0.00183885,0.00518799,0.0112113,0.000100522,0.0094373,0.00268631,0.00509693,0.0216926,0.022339,-0.00130038,0.0203682,0.00129538,-0.0138362,0.0199795,0.00918838,0.00838462,0.00907268,0.0157604,0.013441,0.0116698,-0.0031663,0.0159363,0.00463564,0.0136278,0.0195823,0.0603229,-0.0046924,-0.00778618,0.0181682,0.0254675,0.021371,0.00287963,0.00457265,0.0104338,-0.00408786,0.00420953,-0.0110318,-0.0135895,0.0190415,0.0153889,0.00504118,0.0146738,0.0062588,-0.0157562,-0.00744268,0.0114184,-0.0117483,0.0166286,-0.0130838,-0.0441992,-0.00813317,-0.0146461,-0.0451301,-0.0180597,0.00858024,-0.0125275,-0.0291348,0.00199467,-0.0285907,-0.0205232,-0.00143853,-0.0184484,-0.014129,-0.038067,-0.0105262,-0.0361591,-0.0179172,-0.00574611,-0.0240652,-0.00924491,-0.0193124,-0.000724265,-0.000498585,0.000920563,-0.0299324,-0.0317773,0.00306579,-0.00348937,0.00496239,-0.0128776,-0.00809845,0.0151051,0.00648542,0.00496361,-0.00946757,-0.00599738,0.00315449,0.0106149,0.0129142,-0.0024922,0.000698942,0.0118807,-0.00505164,0.000347868,0.00632918,0.00729355,0.0351837,0.01612,0.00551361,0.000346922,0.00341173,0.0186492,0.0344897,0.0158781,-0.00682146,0.000106354,0.0189423,0.00454543,0.0295746,0.00554789,0.00278456,-0.0158757,-0.010159,0.0234429,-0.00597238,-0.00129937,0.00172113,0.00802402,0.00430014,0.00829737,-0.0316771,-0.00237048,0.0128215,-0.00165261,0.0101977,0.0247007,-0.00225947,-0.0272447,-0.0192215,0.00826145,-0.0201268,-0.0196361,-0.0290037,-0.0123621,-0.0102152,-0.00327612,-0.0370337,-0.0392184,0.00869323,-0.032175,-0.0105313,-0.0337779,-0.0234485,-0.000898647,-0.0289369,-0.0267726,-0.015131,-0.0472902,-0.0190411,-0.0460909,-0.0203795,-0.00172972,-0.0271526,-0.0367183,-0.0052597,-0.0176863,-0.0114004,0.00146309,0.00132655,-0.011,-0.0142437,-0.01765,-0.00523102,-0.024429,-0.029674,-0.0179708,0.0114079,-0.0195186,-0.0158439,0.0043228,-0.0134609,0.00288915,0.00307795,-0.010297,-0.0058447,-0.0138366,0.00895311,0.016512,-0.0103918,-0.0155025,0.0194399,0.0206341,-0.00152092,0.0179614,-0.000308696,-0.0141023,-0.00181992,-0.00309063,0.00574667,0.00727082,-0.0119155,0.0122221,0.00859904,0.00910154,0.00671759,-0.0242152,0.0113453,-0.00197071,-0.00213358,0.0103961,-0.0193881,-0.00986874,0.00404573,0.0096136,-0.0023975,0.000138004,-0.0203376,-0.0240872,-0.0134003,-0.0186532,-0.00439763,-0.0156752,-0.0241436,-0.0178927,0.00441486,-0.00912493,-0.0548874,-0.00514653,0.00140398,-0.0365743,-0.0361891,-0.0343752,-0.0219054,-0.0318343,-0.028354,-0.000629201,-0.0116623,-0.0512644,-0.0135461,-0.0144872,-0.0344323,-0.0446388,-0.0250171,-0.0288416,-0.00237372,-0.0254173,-0.0256555,-0.0100147,-0.0403602,-0.0239703,-0.0396707,-0.0169613,8.59805e-05,0.00267408,-0.0121403,-0.0214131,-0.00994166,-0.00185179,0.0139087,-0.0122241,-0.00825961,0.0203029,-0.00121542,0.00272419,0.00290692,0.00542649,0.00171845,0.00478755,0.0187189,0.000275674,0.000693974,-0.000926756,0.00807858,0.00948947,-0.00603093,0.00712327,0.0101227,0.00311622,0.0107473,0.0203819,-0.00633136,0.0186697,0.0244651,-0.0142764,-0.00170345,0.000301795,0.00220463,0.00997381,0.0185559,-0.00165849,0.00139516,-0.00141418,0.00197215,-0.00659056,0.000128983,-0.003457,-0.0101712,0.000838557,0.00132213,0.00376115,0.00406758,-0.0184138,-0.0050297,0.0033038,0.00153307,-0.0103885,-0.0455662,-0.00610485,-0.00202924,0.00985337,-0.00906978,-0.0309099,-0.0136945,-0.00408489,-0.0172912,0.00322647,-0.00430001,-0.0269921,-0.0242049,-0.0477365,-0.0192184,-0.028894,-0.0109131,0.0141016,-0.00177464,-0.0435196,0.0046597,-0.0162974,-0.0304565,-0.0234915,-0.00319132,-0.02403,0.0125269,-0.0022495,-0.0172443,-0.000431643,-0.0124825,-0.0352147,-0.0157075,0.00473612,0.00270547,0.0118876,-0.025561,-0.0166535,0.0261876,-0.00116617,0.0136789,-0.00551262,-0.00733692,0.0133336,0.00340703,0.00185126,0.00110219,0.0266135,0.0088682,-0.00223352,0.00221494,-0.00337382,0.0129829,0.014032,0.0134442,0.00593479,0.00192984,0.0424176,0.0150891,-0.00966389,0.023586,0.0202389,-0.00175212,0.00648839,0.0274374,0.014711,0.00930467,0.00560341,0.0406767,-0.00457771,0.00948338,-0.00883725,0.00682849,-0.0184204,0.00835194,-0.000784237,0.0199888,0.00619886,-0.00429654,0.0162987,-0.00246024,-0.00752289,0.00388716,0.0128035,0.00511196,-0.0039114,-0.00457565,0.0064189,-0.0194454,0.00137465,-0.0316054,-0.00465965,0.00458901,-0.0174294,0.00311789,-0.0304249,-0.0104365,-0.0156936,0.0386415,-0.0458306,-0.0392198,0.030087,-0.035138,0.0178744,-0.0126445,-0.0227095,0.00934033,-0.0212863,-0.0127628,0.0281091,0.011299,-0.035798,0.0110454,-0.00395331,-0.0193249,0.00293905,-0.00585778,-0.00398027,-0.00951316,0.0106542,-0.0190484,0.0168003,-0.00279154,0.00341825,0.0155724,-0.00111442,0.00627265,0.0211781,0.0185074,0.00585579,0.0246675,-0.00371574,0.00770902,0.0197708,0.025603,0.0015871,-0.00271179,0.0118993,0.00133187,0.00759312,0.00456213,0.0210343,0.00210603,0.0148677,0.00147429,0.0238377,0.0217273,-0.00382013,0.00876824,0.00945707,0.00901415,0.0194635,0.0145588,-0.0156503,-0.00748479,-0.00109603,0.00553008,-0.026275,-0.034,-0.000421401,-0.0254088,0.00709077,-0.00485962,0.00481961,-0.0242169,-0.0107306,-0.0222415,-0.0193726,-0.0189998,-0.0228469,-0.00854136,-0.00265002,-0.00203358,-0.02953,-0.0409289,-0.0270435,-0.0299663,0.0116885,-0.0210836,-0.0396864,-0.0454122,-0.0367728,-0.0173709,-0.00033955,-0.00994184,-0.0270421,-0.0043942,-0.0144324,-0.00524391,-0.0223558,-0.0201829,-0.00479443,0.000242819,0.00116959,-0.00362947,-0.0102765,0.000771917,0.00859245,0.00605557,-0.0143475,0.000724077,0.0159664,0.00362019,-0.0113159,-0.0113536,0.00358373,-0.00183036,0.000766047,0.00166433,0.00827976,0.0166778,-0.029557,0.00730692,-0.0199719,-0.01735,0.0148672,0.0120687,-0.000972916,0.00317182,-0.00874083,-0.0154562,0.00415601,0.00547091,0.00521947,0.0100766,-0.0222445,-0.00615301,0.0100505,-0.00377027,0.00149503,0.000318778,-0.00268399,0.0166681,0.0109035,-0.00144948,0.00742708,-0.0146018,0.00168865,-0.0261433,-0.0232799,-0.0187042,0.00443133,-0.00933745,-0.032324,-0.00299848,0.00120219,-0.0357596,-0.0177558,-0.00493493,-0.00643729,-0.00627231,-0.0396214,-0.0360418,-0.0291598,-0.0118095,-0.00900522,-0.0253593,-0.035006,-0.0277761,-0.0573028,-0.0427636,-0.0376643,-0.017603,0.00862052,-0.00994805,-0.000973385,-0.00788745,-0.0334242,-0.0469706,-0.00676305,-0.0362601,-0.0146584,0.0130796,-0.0299224,-0.0277298,-0.00146183,-0.0150549,-0.0133644,-0.0349369,0.00917814,-0.0231549,-0.0411128,0.0233963,-0.00729625,-0.0232552,0.00144004,0.00106411,0.00625015,0.00427814,-5.69447e-05,0.00042879,-0.0129245,0.00185877,-0.00365885,0.0252058,-0.000233628,0.0264901,0.0253967,0.0115297,0.00552119,-0.00839922,0.00594094,0.0063522,0.00992919,-0.00546489,-0.0142942,0.00549017,-0.0021229,0.00995688,0.0044756,0.00438599,0.0061039,-0.00134623,0.0044208,0.0069079,0.00955423,0.00481308,-0.000316852,-0.00368415,-0.00252191,-0.00428912,-0.019416,-0.00345956,-0.0457222,-0.0323124,-0.00283935,-0.00307196,-0.0317508,0.00171279,0.00558661,-0.00695669,-0.0117432,-0.0107173,-0.00221016,-0.0170113,-0.0477291,-0.0276588,-0.0118527,-0.035952,-0.0377979,-0.0149202,-0.024749,-0.0483761,-0.0103619,-0.0400456,-0.0306305,0.00519241,-0.0266934,0.0153883,-0.0126592,-0.00794055,-0.0300372,-0.0145027,-0.0126017,-0.0588209,-0.01845,-0.00900074,0.00811204,-0.0159689,-0.00433727,-0.00653491,-0.0214966,0.00199488,0.00520807,0.00852704,0.000430075,0.0238556,-0.00403781,0.00419741,-0.00593721,0.0170297,0.00170285,-0.0105918,0.0168408,0.029148,0.0296355,0.005117,0.00651011,-0.00493876,0.00835176,-0.00218545,0.00189291,0.0323139,0.0132426,0.0060531,-0.0161415,0.026898,-0.00536124,-0.00325717,0.0143269,0.0308266,0.0113645,0.000765996,0.00790696,0.0150618,0.035201,0.0170783,0.00822317,0.0177556,0.0153291,0.00830394,-0.0144607,-0.014718,0.0215239,-0.00406867,0.0139777,-0.00508188,-0.0119478,0.0287998,0.00453633,-0.00770559,0.0149707,-0.00573135,-0.00712705,0.00593086,0.0096646,0.000147196,0.0178427,-0.0178419,-0.0107048,-0.0207964,-0.00516401,-0.0177351,-0.00906563,0.00378119,-0.0014462,-0.0144859,-0.0128874,0.0109316,0.00455308,-0.0208181,-0.0182801,-0.0396055,-0.00831965,-0.00342862,0.00263789,-0.0173818,-0.0239232,-0.0230451,-0.00761559,-0.0164078,-0.0100683,-0.00736686,-0.0012484,-0.00511311,-0.00388129,-0.0226642,-0.00282799,-0.000555134,0.0116735,0.00275745,-0.00904119,0.0054408,0.000780449,0.0341993,-0.00247036,0.00493235,0.00203738,0.00239827,-0.00529105,0.0334408,0.0266747,0.00683475,0.0197418,0.007386,-0.00158955,0.00303855,0.0218977,0.03004,0.00941598,0.00767101,0.00373074,0.0171232,-0.0148084,-0.00116809,0.0043041,-0.0296655,-0.00299447,0.0117073,-0.0158191,0.00575551,0.00370013,0.0204375,0.00685031,-0.00824635,0.0263521,0.0067488,-0.00507849,-0.00298452,-0.0032571,0.00495277,0.0046955,-0.0106185,-0.0360519,-0.0096932,-0.00975534,-0.0150021,-0.00263803,-0.0148035,-0.038331,0.00637693,-0.0276551,-0.0149213,-0.0340905,-0.0268333,-0.0143211,-0.0101924,-0.00743225,-0.0512753,-0.026396,-0.00375263,-0.00597263,-0.042994,0.00425076,-0.037294,-0.0223198,-0.0177439,-0.0538478,0.00441149,-0.0201316,-0.000200471,-0.00149219,0.0126674,-0.0176472,0.00346309,-0.0114921,0.00644086,0.0134306,0.000656909,-0.00110977,0.00220832,0.0119422,-0.00862847,0.00123488,0.00132163,0.00443606,0.0286226,0.018508,-0.0143104,0.018102,0.0040363,-0.00143712,0.00041066,0.000374695,-0.00122156,0.00237312,0.0013157,0.0192309,-0.00564598,-0.00460688,0.0137813,-0.00725213,-0.0062915,0.0145169,0.00767029,0.0149127,-0.000211518,0.00604327,-0.00183531,0.00505499,0.00870127,0.0258194,0.00334414,0.000379138,0.0108531,-0.0043007,-0.0100385,0.00440929,-0.00655188,-0.0143619,-0.0264036,0.00638431,-0.00694781,-0.0229382,0.0148997,-0.0223214,0.00966861,-0.0101096,-0.0490914,-0.0318731,-0.0160079,-0.0226863,-0.0176749,-0.0276147,-0.0130126,-0.03099,-0.0449558,0.0117238,0.00502048,-0.0283808,-0.0136638,-0.0361619,-0.042854,-0.0210278,-0.0357223,-0.0204098,-0.0447902,-0.0509826,-0.0386794,-0.0344369,-0.0255325,-0.000950362,-0.03443,-0.0296698,-0.0117248,-0.0205886,-0.0496798,-0.0138609,0.00531447,0.00320356,-0.000703206,9.21598e-05,0.000357946,-0.000936707,0.00648028,-0.000382147,0.0146723,0.00461221,0.00673825,-0.0227745,-0.00418204,0.00987396,0.00487539,0.0117937,-0.00224591,0.00249713,-0.00407213,0.0175834,0.0101907,-0.000730938,0.00615986,0.00299986,0.0452326,0.0162516,0.0129531,0.00304998,-0.00516863,0.0056862,-0.00889835,0.00750305,-0.00592213,0.0102944,-0.00816821,-0.00650341,0.0109509,0.0140875,0.0200739,0.00145666,0.00450126,-0.00316966,0.00336481,-0.0244714,-0.00847325,0.00141828,0.00494119,0.00108577,-0.0178854,-0.00177817,-0.0268118,-0.0068241,-0.00114902,-0.0042968,-0.0198176,-0.0313232,-0.0206144,-0.0252083,-0.00740822,0.00219819,0.000154627,-0.0129364,-0.0148316,0.0068062,-0.023009,-0.0277792,0.0119526,-0.0282934,-0.00745742,-0.0160588,-0.0396923,-0.0244574,-0.0183692,0.00111557,-0.0258809,-0.0336775,-0.0180193,-0.00150431,-0.0282648,0.00176928,-0.00084919,0.00499564,0.00313998,-0.00763511,-0.0221914,-0.00946517,-0.0116868,-0.0107665,-0.000484893,0.00528854,0.00173917,0.000513152,0.0150462,-0.0104375,0.0197505,0.00618859,0.0211108,0.0207227,0.00269515,0.0209526,0.000105603,0.00738149,0.0118669,0.00935107,0.0194513,0.0256029,-0.0054169,0.00551193,0.0185616,0.00917036,0.00987379,0.0441785,-0.0129547,-0.00964638,0.00585165,-6.06431e-05,0.0313085,0.000546842,0.00628231,-0.000982934,-0.0040029,0.00939763,0.00104629,0.00993268,0.00373214,0.0266165,0.0123682,-0.0123323,-0.0158578,0.000843858,0.0209716,0.0382097,-0.0285544,-0.0198822,-0.00654777,-0.0178691,0.0023402,-0.00126537,0.000949804,-0.00414889,-0.00753458,-0.0238511,-0.00142534,-0.00987181,-0.010698,-0.00360922,0.00187915,-0.00649673,-0.0394132,-0.0185942,-0.0164638,-0.0147814,-0.00137416,0.0018448,-0.00351593,-0.00838742,-0.00584817,-0.0135168,-0.0232297,-0.0113899,0.00806492,-0.00597173,0.00911932,-0.00468626,-0.00832394,0.00756787,0.00403942,0.00162164,-0.000464183,-0.000512903,0.00331284,0.00493791,0.0190495,0.00373132,-0.000593101,0.00955092,0.0349561,0.0176733,0.00216118,0.00268354,0.0117607,-0.00257232,0.00381115,-0.0105575,-0.0199687,0.0104393,0.0144483,0.0240788,0.00564263,0.0035977,0.0102566,0.0298766,0.00494478,0.00954809,-0.00236593,0.0026557,0.000373065,0.0200115,0.0219127,0.000994912,0.00486529,-0.00380875,0.00682383,0.00032628,0.00623942,0.0248412,0.00957022,0.00754656,0.0165622,0.0018708,-0.0140885,-0.00445643,0.00051658,-2.14398e-05,-0.000559907,-0.0238721,-0.0172418,-0.00011631,-0.000458004,0.00476363,0.0102209,-0.0128995,-0.0234367,0.00519648,-0.0311331,-0.00600553,0.00224531,-0.043217,-0.0290995,-0.0077622,-0.0310063,-0.0151522,-0.00817891,-0.0333756,-0.024256,-0.0186582,-0.0059925,-0.0105423,-0.0138229,-0.0349898,-0.0141489,-0.0154192,-0.00211611,-0.0215513,-0.00401315,-0.0143861,-0.035964,-0.0191071,-0.0112162,-0.0169945,0.0141138,-0.0152449,-0.0142925,0.00330248,-0.0010778,-0.00195355,-0.0150451,-0.00207337,-0.000498768,0.00993357,0.0289805,0.00526395,0.00014835,-0.00582616,-0.0170628,0.0292879,0.0238364,-0.00228509,0.0222652,0.0198502,0.0153167,-0.00575604,0.0154774,0.0128003,-0.000862613,0.00537188,0.0117426,-0.0082767,-0.0151625,0.0210969,-0.0112058,-0.0210507,0.0165576,-0.00432208,-0.00445417,-0.0161518,-0.0120906,-0.0121157,-0.0094929,-0.0168585,0.0110587,-0.00695293,-0.0317143,-0.0303557,-0.017869,0.00316193,-3.12587e-05,-0.0437204,-0.0422987,0.00147904,0.00403786,-0.035807,-0.0244609,-0.0327714,0.00352348,-0.0057138,-0.0333752,-0.037999,-0.0210428,-0.0145609,-0.007947,-0.0248428,-0.0396806,-0.0291819,-0.0340106,-0.00833172,-0.00455483,-0.031982,-0.022203,-0.00985596,-0.0544937,-0.00301345,-0.0186243,-0.00877853,-0.015246,-0.039617,-0.00251493,-0.00949645,-0.0166021,-0.00579442,-0.0185541,-0.0277673,-0.0182002,-0.0381111,-0.0200547,0.00627406,-0.0150685,-0.0318416,-0.00230428,-0.0108185,0.00612286,-0.0185662,-0.0193018,0.0321481,-0.00401354,0.00234308,0.0079178,0.00893828,-0.00170035,0.015266,-0.0151103,0.00226507,0.0187438,0.00114417,-0.00452268,-0.00523604,0.00598713,0.00910665,0.00325317,-0.0237599,-0.0120492,0.00153372,0.00076463,-0.000601696,0.00211367,-0.03459,-8.15426e-06,-0.0112426,-6.51772e-05,0.0149103,0.00532555,-0.000970518,-0.00160852,0.0181434,-0.0166537,-0.00786418,0.00246898,0.000175074,-0.00540747,-0.0248806,-0.000497892,0.00191494,-0.00065852,-0.0149502,-0.0424619,-0.0248662,-0.0398304,-0.0528186,-0.020451,-0.0245127,-0.0340856,-0.0105284,-0.0365095,-0.0306668,-0.019649,-0.0158567,0.0112596,-0.0250915,-0.0374307,0.00967143,-0.0387025,-0.0361408,-0.002623,0.00521433,-0.0234836,-0.00343599,-0.0048233,0.000180963,-0.0179235,-0.0174879,-0.00126695,-0.0187011,-0.0293844,0.00734217,0.00565455,-0.0170271,-0.000708453,0.00343629,-0.00728146,0.0070104,0.0109939,-0.0073349,0.00392357,-0.00120542,0.0227156,-0.00265792,-0.0204559,-0.00729759,0.00769649,-0.0214357,-0.00398892,0.00304089,-0.00116317,0.0113171,0.00981789,0.01293,0.00799898,0.00788158,0.0015526,0.0128723,0.000579425,0.0134935,0.0164542,0.00342281,0.0228459,-0.00896973,0.0431876,0.0312891,-0.0159899,-0.00342654,0.0341937,0.0108191,0.00242597,0.0250351,-0.00191881,0.00482563,0.00167167,0.00990546,-0.000810072,0.0112116,0.00421571,0.0122548,-0.0111969,-0.0020925,-0.00878937,-0.0164829,-0.00444493,-0.0187133,-0.0197065,0.0126002,-0.0088593,-0.011711,-0.0218528,0.000736477,-0.018122,-0.011156,0.00867667,-0.00155128,-0.0150205,-0.0154416,-0.00667142,0.00490646,-0.0111686,-0.0276225,-0.000339416,0.00402194,0.00245461,0.00415282,0.0128721,-0.00674774,-0.022276,-0.00302967,0.00642011,-0.00967037,0.00309244,0.00402385,0.00906809,0.00835564,0.0150135,0.0177645,-0.00455779,0.00255554,-0.00188002,-0.00991741,-0.00933534,0.00770175,0.0107739,0.00284275,0.00911153,0.00752118,-0.00190244,0.0212564,0.0203383,-0.00667339,0.0060606,-0.0187373,0.0159497,0.0128508,0.00822332,0.0241402,0.0138163,0.00565663,0.00092653,0.0175573,0.0210197,0.0108752,-0.00390329,0.0067415,0.000514528,0.00221953,0.00247382,0.0164619,0.0176565,0.00280654,-0.000311402,-0.0258837,0.00599101,0.00202126,0.00494191,0.0102905,-0.00458959,0.024095,0.00319621,-0.00200994,0.00222905,-0.00318734,0.00638551,-0.0150895,-0.0168691,-0.0159647,-0.0147974,-0.0442599,-0.0328842,-0.0146212,-0.025149,-0.00268598,-0.0269645,-0.0372759,-0.0257895,-0.00347677,-0.00374287,0.00634902,-0.028638,-0.0203294,-0.0247558,-0.0399452,-0.0293405,-0.0505852,-0.0289774,-0.000426051,0.0118411,-0.0155848,-0.0185882,-0.0116733,-0.0258928,-0.00624325,0.00692899,-0.018441,0.00128544,-0.00821106,-0.00747895,-0.00251621,-0.00415207,-0.00588586,-0.013023,-0.0172606,-0.000331988,0.000207557,0.000401236,-0.00194523,-0.0165299,0.0209486,0.0100727,-0.000325151,0.0113749,0.000828473,0.0144621,-0.0188534,-0.0114938,0.00855581,0.00239284,0.0072942,0.0100839,0.00379026,0.0224633,0.00174154,0.00303057,0.0127109,0.0199672,0.00591192,0.00731649,-0.00159663,-0.021142,0.00793958,0.00208985,0.00897902,0.00494465,-0.0096489,-0.00571033,0.00253394,-0.00205496,0.00226053,-0.00318615,0.00664148,-0.0160336,-0.00979649,0.0064292,-0.0120075,0.00626453,-0.0427052,-0.008066,-0.00320662,0.0113897,-0.0173604,-0.031879,-0.0140749,-0.0146845,-0.0218075,-0.0469714,-0.00679548,-0.0171073,-0.0134258,-0.0413436,-0.0283128,-0.00171598,-0.0450443,-0.0208959,-0.00684038,-0.0357282,0.00753112,-0.0366476,-0.0319558,-0.0267796,-0.0140421,-0.015234,-0.00650762,-0.0135046,0.00452922,-0.0273656,-0.0274705,-0.00988378,-0.00622335,-0.00238651,-0.01279,0.004223,-0.0156363,-0.00475865,-0.0137984,-0.012308,0.00451534,-0.0293307,0.0038345,-0.00226809,-0.0101323,-0.00203598,0.00447057,0.0030425,-0.000200446,0.00518091,0.00181478,-0.00347462,0.0157541,-0.0109647,0.0160781,0.0455085,-0.00993244,0.00903299,-0.0100205,0.00563973,0.000517685,0.0245656,0.0377102,-0.0108542,-0.0202697,0.00678882,-0.00308602,0.00284542,-0.00360081,-0.0110693,-0.0131883,-0.025617,0.0125097,-0.00782217,0.0188861,-0.00777334,0.00582919,0.0131005,-0.000279169,-0.00388287,-0.0104604,-0.00018977,-0.017575,0.00366455,-0.013119,-0.0194441,0.0237375,-0.0162901,0.0159027,-0.0150435,-0.039456,0.0102614,-0.0442655,-0.0440808,-0.0101688,-0.0537506,-0.0443944,-0.00734376,-0.00157998,-0.00561739,-0.0197712,-0.0629476,-0.0232445,-0.0140812,-0.0216605,-0.0167601,-0.0151355,0.00165044,0.00701387,-0.0262213,-0.0320017,-0.00825666,-0.00457833,-0.00833563,-0.00416205,-0.00875923,0.0237432,0.00119759,-0.00100995,-0.020383,0.00287412,0.00262531,-0.0249515,0.000185709,-0.0050165,0.0185697,-0.00680551,-0.0261233,0.0121623,0.000417164,-0.00958982,-0.00303269,-0.0153621,-0.000950338,0.00991256,0.00777119,-0.00256296,0.02491,-0.0135227,0.00629141,0.0302176,0.000596831,0.00320282,0.0106761,0.0101477,0.000779367,0.00686697,0.00134377,0.0157327,0.0192411,0.0155498,0.000709583,-0.0183036,0.0232177,0.0149457,-0.00399799,-0.0175998,0.00367111,0.00654628,0.00691374,-0.00978329,0.0103103,0.0130681,-0.0281989,0.0140324,-0.00536076,-0.00972412,-0.000518615,-0.0322123,-0.000716074,-0.0209066,-0.006129,0.00281665,-0.0236636,0.00542722,-0.040506,-0.00862034,-0.0248694,-0.0142013,-0.00343596,0.00144457,0.0128237,-0.00482722,-0.0236391,0.00107807,0.00753671,-0.0385711,-0.0221658,-0.0111862,-0.0113255,-0.000252258,0.000382056,-0.00443925,0.016474,-0.00540975,-0.0175622,-0.00509868,-0.0058891,0.0197514,0.0157227,0.00198073,0.0174522,-0.00661181,0.010354,0.00281549,-0.0197922,0.00858352,-0.016019,0.0120287,0.0177517,-0.00223405,0.0174418,0.00780437,-0.0230745,0.0243622,0.0131384,-0.0102678,0.00740035,0.0122899,0.0182044,0.0143979,0.0241966,0.020363,0.0284817,0.000567067,0.0391298,0.0212668,0.0095126,0.00297613,0.0144697,0.00434402,0.0102006,0.0200789,-0.00204246,0.00227238,0.000243759,0.0155028,-0.00736527,-0.00497967,0.00164984,0.0037685,0.00273795,-0.00119865,0.000434481,-0.0114189,-0.00849296,-0.0102906,-0.0207372,0.0110069,-0.00370641,0.00530747,0.0067008,-0.0277044,-0.0174372,-0.00754594,-0.0124628,0.00771471,0.0002036,-0.0330426,0.0123848,-0.00554673,-0.0207824,-0.0044951,-0.0323489,-0.00338282,-0.0357076,-0.0257771,0.00657938,-0.0274191,-0.0239979,0.00454494,-0.0303513,-0.0179213,0.00579992,0.00242115,0.00269029,-0.0203168,-0.00777003,-0.049703,-0.00797694,-0.000299927,-0.0161021,0.012635,0.000478457,-0.00361574,-0.023698,-0.01254,0.00406814,-0.00361749,0.0052994,0.00502808,0.0116641,0.00154588,0.0175994,0.016474,-0.00116431,-0.00158344,-0.0152646,0.0211255,-0.000892167,0.0118087,0.0015381,0.0159213,0.00361971,-0.00246545,0.00610062,0.00162598,-0.00543475,0.00917585,0.00809934,0.00275224,0.00714446,0.000871577,0.0189216,0.00666896,-0.0211202,-0.0100405,-0.00717021,0.00255191,0.00911899,-0.00680542,-0.0231035,0.0030856,-0.00276589,0.00605902,0.00215824,-0.0175365,-0.00804053,0.00087168,0.00206238,0.00486651,-0.000687996,-0.0101228,-0.00316379,-0.0156953,-0.0261476,-0.0101045,-0.0114858,-0.00517098,-0.0105964,-0.0357103,-0.061577,-0.0192662,-0.030874,-0.00520688,0.00931257,-0.0095927,-0.00784685,-0.0173848,-0.0191106,-0.0035881,-0.0328675,-0.0120492,-0.0302226,-0.028537,-0.0180382,-0.0173136,-0.0211787,-0.0349965,-0.00767886,-0.012216,-0.0213544,0.00772928,-0.037193,-0.00959321,0.00187164,-0.00681559,-9.58119e-05,-0.0200779,-0.0222693,0.00322296,-0.00831445,-0.00529402,0.0152531,-0.00688448,0.00863279,-0.00524291,-0.0140577,0.010637,-0.00421854,0.00300103,-0.00272319,0.00362709,0.0031842,0.00303603,0.00335187,0.00291533,0.00844019,0.00261267,-0.00848475,-0.0131856,0.00178213,0.00673345,0.00529771,0.00346169,0.0131929,-0.0256104,0.00979736,-0.00169873,0.00175826,-0.00231373,0.00688446,0.00944376,0.00516188,0.00816841,-0.0281615,-0.0276773,-0.010086,-0.0164694,-0.00146714,0.0067566,-0.0218043,-0.0123059,-0.0186559,-0.0392107,-0.0161549,0.00358723,-0.0188455,-0.0273301,-0.00208229,-0.036477,-0.033259,-0.0596634,-0.00730326,-0.0305948,-0.0147738,-0.0535077,-0.0521216,-0.00472936,-0.00495054,-0.0219147,-0.0381446,-0.0281189,-0.0119798,-0.038959,-0.0412787,-0.0440021,-0.0100579,-0.0151045,-0.0123175,0.00372307,0.000159993,-0.0227499,-0.0155205,-0.011709,-0.0118582,-0.00311778,-0.0106946,0.00546676,-0.00504841,0.00634599,-0.0326226,-0.00962604,0.0112534,-0.00292029,0.0101339,-0.0041201,-0.00739537,0.00551281,0.00559101,0.0123099,-0.0132828,-0.010649,0.00359539,0.0162266,0.0144426,0.0095245,0.0387825,0.0249791,0.00685309,0.0188658,0.0082865,0.00960756,0.0303673,-0.0153471,0.0198292,0.0110485,0.0202307,0.0422615,0.00851735,0.00295808,0.000480456,-0.00200725,0.00665675,0.00889899,-0.0097008,0.00165952,0.0101366,0.0024099,0.0168956,0.000233582,0.000920696,-0.0206462,0.00118924,0.0122806,-0.0369264,-0.00550556,0.00101006,0.000876332,-0.00474919,-0.0109784,-0.0239354,0.00738847,-0.0240336,-0.0131454,0.00359089,-0.0148122,0.00366424,-0.00281666,0.00882832,-0.00369621,0.00756441,-0.0163424,0.000968369,-0.0118188,-0.0460479,-0.0172224,0.00415177,-0.0148022,-0.00578392,-0.0192127,-0.00710797,-0.00331947,-0.00103788,0.002532,-0.0116238,-0.000249483,0.00606144,-0.00373418,-0.00404001,0.0365217,-0.00705357,0.00580865,-0.013409,0.00615954,0.013397,0.0087246,-0.0171381,-0.0179409,0.0184058,0.0126484,0.0122214,0.0481582,0.0444531,-0.00201538,0.0276281,0.00896464,0.000860899,0.0183062,0.022352,0.0186616,-0.00200543,0.0203064,0.0173102,0.00571642,0.00716691,0.0119702,0.0176742,-0.00783809,0.00743636,0.00465319,-0.00445934,-0.00819763,-0.0200962,0.0324904,-0.000471961,0.028206,0.0229641,0.0111237,0.00883706,0.00711287,0.0143505,-0.00925497,0.00841435,0.00697172,-0.00498003,0.0133287,0.0194078,-0.0178184,-0.0137103,-0.0266312,0.00769691,0.0061945,-0.0437527,-0.0378897,-0.0182425,-0.000694177,-0.0161216,-0.0218231,-0.0359041,-0.00947697,-0.0374548,-0.0475077,0.00429618,-0.00312217,0.0022681,-0.026731,-0.0222252,-0.0254742,-0.0126199,-0.00649753,-0.0233394,-0.0105819,-0.00138571,-0.00519741,0.00426788,-0.0118128,-0.0458085,0.00933524,0.00556279,-0.00299016,-0.0112874,0.0021371,-0.0103605,-0.0179185,-0.00891706,-0.0213231,-0.00973375,0.00972487,-0.028507,0.0117569,0.00358526,-0.00251281,0.00327479,-0.00579941,0.0277285,0.00577656,-0.00514488,-0.0224583,-0.0168598,-0.00932719,0.00615833,0.00589808,-0.00128317,-0.00985548,0.0300796,-0.00173726,0.000714108,-0.00817202,0.00752314,0.0279703,0.016817,0.0148469,-0.00284386,0.00264973,0.0230782,0.00087754,0.00474808,-0.0117336,0.0045413,0.032255,0.0130779,-0.00286311,-0.00143519,0.00351144,-0.0131958,-0.0263008,-0.0307081,-0.0150609,-0.000445547,-0.0194077,-0.0214792,0.000134378,-0.0206059,-0.020942,-0.0215023,-0.0203999,0.00168381,0.00107877,-0.0364631,-0.0168921,-0.0208307,0.00369571,-0.0157825,-0.037102,-0.0105575,0.00306199,-0.0154553,-0.0452097,-0.0147898,-0.02819,-0.0398285,-0.0315889,-0.0141156,-0.0230419,-0.0574251,-0.0248195,-0.030838,-0.0320714,-0.0136876,-0.00287389,-0.0163352,-0.00451259,-0.000974012,-0.000132146,0.00133385,-0.00632023,-0.00921442,0.00518227,-0.00946021,-0.0375791,-0.00534533,-0.00365956,-0.0299423,-0.0161954,0.0135956,0.00508666,-0.0171391,0.016233,-0.00328855,-0.0293486,0.0157263,0.00301287,0.000497239,-0.000618415,0.000177524,-0.0145002,0.0115462,0.0120575,0.00861463,0.00589875,0.0306913,-0.0205036,-0.00114729,0.0133177,-0.0132735,0.00553044,-0.0044996,0.00760249,-0.00234537,-0.019443,-0.0026116,0.00314022,-0.0103862,-0.00373521,-0.00149608,-0.00933938,-0.00624654,-0.0180087,-0.00977431,-0.0115893,-0.00909269,-0.0174055,-0.0292525,-0.00815576,-0.00938554,-0.0212466,-0.0360493,-0.0244393,-0.0147765,-0.0172358,-0.00132256,0.00147699,0.0147664,-0.0131794,-0.0176366,0.00445466,-0.00377402,-0.0125586,-0.0105088,-0.0328166,-0.0289541,-0.0395854,-0.0453641,0.000682071,-0.0124165,-0.0406065,-0.00180534,-0.00242014,-0.0116773,-0.0156728,-0.0406892,-0.0216286,-0.00806251,-0.0120341,-0.0244722,0.00731063,-0.00956208,0.00174563,-0.00167862,0.00170883,-0.00217048,0.00429741,0.00984046,-0.000720988,-0.0015435,0.00924326,0.00625542,0.00910273,-0.0134671,0.0103583,-0.0115644,0.00982938,0.0189766,-0.00119572,-0.00236649,0.0110143,0.0107612,0.000592573,0.00509984,-0.00252522,0.00131987,0.0129203,0.00331028,0.000769018,0.00215129,-0.00753977,-0.0210307,0.000974518,0.0116011,0.0261458,0.00402653,0.0219178,-0.00883817,0.00133151,-0.000306426,-0.000658568,0.011169,0.00212242,0.00460029,0.00167468,-0.00570543,-0.0133222,-0.0210006,0.00623191,-0.014592,0.00685855,0.0156257,-0.017618,-0.0366389,0.00219144,-0.0357345,-0.00783163,0.00113745,0.00139696,-0.0211294,-0.0260774,-0.0412443,0.0114838,-0.0039362,0.00478669,0.0150025,-0.00700163,0.00567366,-0.0122954,-0.0266978,-0.0155906,0.00963517,0.000204264,-0.0120129,-0.0433528,-0.00494292,-0.00839725,-0.00645839,-0.0150366,-0.0147522,0.0246752,-0.0123562,0.0060406,0.00504245,0.00383901,0.0142256,-0.0136814,0.00861044,0.0264006,-0.00478202,0.0180464,0.0194428,-0.00653718,0.0234898,0.0241403,0.00961214,0.0094714,0.0490979,0.0115823,0.0103384,0.0338166,0.0150422,0.0010618,2.39113e-05,-0.00117036,0.0151404,0.0135105,-0.00781924,0.012269,0.00933687,0.0259221,0.031678,0.00717672,0.015191,0.0152147,0.0118237,0.0244249,0.0111479,0.00643241,0.00536185,0.000982238,0.0021708,0.0119186,0.0202388,0.00745002,0.0138982,-0.00355254,0.00460338,-0.0129747,-0.046225,-0.0157674,0.000550198,-0.000309796,0.00655382,-0.00100419,0.00161512,-0.00262257,0.00476958,-0.0137668,-0.0166943,0.00277426,-0.0398838,8.2022e-05,-0.0191511,-0.0150098,0.00494733,-0.00396704,0.00720745,-0.020061,-0.0159113,0.00223661,-0.00411943,-0.0105,0.00818176,-0.00185266,-0.0151581,-0.036333,-0.00110048,-0.0310336,0.00999228,0.0044619,-0.00272402,0.00277955,-0.00378922,0.0098819,0.0163003,0.00233619,-0.0145433,0.000403142,-0.0169526,-0.0108544,0.0117326,-0.00464072,0.0260516,0.00975975,0.0102878,0.00945657,-0.0234563,0.0118917,0.033064,0.0120002,0.00748671,-0.0106769,-0.00217618,0.0190152,-0.0080379,0.0132736,0.0194558,0.000731407,-0.000121812,0.00891373,0.00928055,0.0131157,0.00707922,-0.00645211,-0.00902663,0.00873422,-0.000325347,0.0349498,0.0150827,-0.0112265,-0.00397396,0.00860939,0.0134208,-0.00874498,0.0193005,0.0104215,-0.00113536,-0.0170506,-0.0036101,0.0168228,-0.0177344,-0.0141639,-0.0266887,0.00328828,-0.0298616,-0.0449493,-0.0248084,-0.0304359,-0.0217076,-0.0139511,-0.0110517,0.00440303,-0.00601853,-0.0100496,0.0122365,-0.0209949,-0.0210039,0.00241461,0.000740776,-0.0228358,-0.0223148,-0.0246992,-0.023455,-0.00193645,-0.00555491,-0.0319531,-0.0198796,-0.0238914,0.00986174,-0.0118387,-0.0281926,0.00535731,-0.00940935,-0.0308681,0.00568217,-0.0299847,-0.0176928,0.00226226,0.00137091,-0.00990625,-0.0123695,0.00450382,-0.00346407,-0.0166174,-0.0142573,-0.0319093,-0.00194077,0.00347685,-0.00338556,-0.00228919,0.0167952,-0.0106179,-0.00198303,-0.015008,-0.00449213,-0.0147645,-0.00375723,0.00133841,0.000889687,0.0277582,-0.000321128,-0.0143923,0.0217107,-0.013021,-0.0103657,0.0150158,-0.00541603,0.00103953,-0.0242168,0.013231,-0.0194235,-0.0203975,0.00725724,-0.018623,-0.0178101,0.00269743,-0.0141974,-0.0149388,-0.0151845,0.0112527,0.00572512,0.00929053,-0.0285401,-0.0135678,0.012811,0.00487263,-0.00725861,0.00395698,-0.00268895,-0.0158353,-0.0113881,-0.00747527,-0.0125921,0.00250976,-0.0108169,-0.0551129,-0.00732035,-0.0135673,-0.0159375,-0.00608002,-0.0444794,-0.0106588,-0.000397103,-0.0271081,-0.037596,-0.0593128,-0.0573125,-0.0346303,-0.00969898,-0.00681614,-0.0166934,-0.0217946,-0.0172047,-0.00950809,-0.0184454,-0.00407127,-0.00226794,-0.0205563,-0.00672983,-0.00905342,-0.013536,0.00705954,-0.0226765,-0.0122679,0.00202372,0.00523048,-0.00752956,-0.0196952,0.0100975,-0.0115801,-0.0160036,0.00472316,-0.00133582,-0.00834329,-0.00569057,0.0131909,0.00145276,-0.00181864,0.00373999,0.0152062,0.00671425,-0.00556228,0.00284119,0.0088923,0.00521122,0.0201422,0.0169593,-0.00180975,0.00100494,-0.00108983,0.00154135,-0.002779,0.00894346,0.0227586,-0.0173181,0.0019791,-0.0192386,-0.00731744,-0.00661344,0.00105482,-0.000824733,0.00379933,0.00984084,0.00445195,0.0151232,-0.0313349,-0.0195478,-0.00882263,-0.0250063,0.0201805,-0.00314142,-0.00687516,0.000161247,-0.00140342,-0.0256125,-0.00311037,-0.0204712,-0.0124584,-0.0199474,-0.0175502,-0.0223599,-0.0221524,-0.00315269,0.00821231,-0.021521,-0.0275916,-0.0399329,-0.0135907,0.00691934,-0.0112715,-0.0332541,-0.00031341,-0.000178335,-0.00337987,-0.00491177,-0.0006969,0.00409,-0.0243537,-0.0123627,-0.0244092,-0.0097575,-0.00258518,-0.00987551,-0.0161161,-0.016608,-0.012117,0.00177582,0.00339873,0.0109681,-0.00402499,0.00791474,-0.000890901,-0.0094744,0.00546165,-0.00273932,0.00383549,0.00236709,0.00683302,0.0158179,0.000758143,0.00811661,-0.00159093,0.00370025,0.00330152,0.00264139,0.00435735,-0.00146597,-0.0114705,0.00373739,0.0251782,0.0290452,-0.00129485,0.011412,0.00147826,-0.000999186,0.0180497,-0.00588151,0.00708715,-0.000631697,0.0129774,0.0244771,0.0204025,0.0123249,-0.00432301,0.0244159,0.0190847,0.0293504,0.00833445,-0.000953169,-0.00575882,-0.00856488,0.00279569,-0.00106714,-0.000979853,-0.0367106,-0.00499546,0.00235967,-0.0291947,-0.0100488,0.00373388,-8.27995e-05,-0.0208302,-0.0104017,-0.00568621,-0.00621656,-0.00221084,-0.00485123,-0.0404633,0.000430712,-0.0101766,-0.00913978,-0.00911068,-0.0118054,0.00624979,-0.00530059,-0.00156498,0.00316889,-0.00588813,-9.75837e-05,-0.0181842,0.000203112,-0.0135577,0.0228966,-0.0053608,-0.00508297,-0.013061,-0.00118168,0.00836309,-0.01966,-0.0160058,0.00298725,0.000519473,0.0104958,0.00525334,0.00656923,-0.00954972,0.020698,0.000625306,0.000913638,-0.0023502,0.00968046,0.00205822,0.0167188,0.0344413,0.0154429,0.0143699,-0.00267236,0.00298619,0.00710274,0.0385761,-0.000875424,0.00748728,0.0232458,0.00669954,-0.000153224,-0.0014072,0.0029938,-0.0059068,0.0246058,0.00123028,0.0235115,0.0225137,-0.000756473,-0.0168362,0.00300152,0.00522354,-0.0111153,-0.0064951,-0.0213131,0.00647779,-0.00354536,0.002099,0.00479074,0.000460007,0.000632049,-0.0202223,-0.0159246,-0.00961823,0.0140629,0.000529686,0.00275153,-0.0130355,-0.0356699,-0.0107172,-0.0127076,-0.0253976,-0.0141668,0.00120158,-0.0272579,-0.000160243,0.00668408,-0.0603414,-0.016505,-0.00298164,-0.0152848,-0.017937,-0.0139904,-0.0419638,-0.0216782,0.00473284,-0.00168959,-0.000105995,0.00829413,-0.0131274,-0.0273337,-0.00488539,-0.0133117,-0.027184,0.00047299,0.000156133,-0.000602256,0.00137589,-0.0464621,-0.0108179,0.00654264,0.00204107,0.000423589,-0.0270153,-0.0204722,-0.00057824,-0.000634606,0.00138964,0.013104,-0.00667733,0.0372278,0.014993,0.00679161,0.0136898,-0.00522213,-0.0161285,0.0161704,0.0329111,0.00576748,0.0057297,0.0199609,-0.00252186,0.000179888,0.00392019,0.0106771,-0.00238543,0.0179374,0.0205916,-0.00404435,0.00351068,0.0173155,-0.00252565,0.00253532,-0.00385915,0.0134819,-0.0133564,-0.0127009,0.00508034,-0.00397315,0.0046566,-0.00246056,-0.00947816,-0.0248294,-0.0225112,0.0112633,-0.0041163,0.00320121,-0.00355635,-0.00465332,-0.000148227,-0.00834108,0.00644323,-0.0377034,-0.0188495,-0.0140752,-0.00484595,-0.00156089,-0.0103947,0.00280144,-0.030414,-0.0284078,0.00485193,-0.0105982,-0.0523894,-0.0100145,-0.00886958,-0.0494503,-0.0157651,0.00306298,-0.00308322,-0.0170385,-0.00796301,-0.00574669,0.00764204,-0.0333466,-0.00894364,-0.0168681,-0.0145972,-0.0287033,-0.0287028,0.013889,-0.00323443,-0.011822,0.00507197,0.00325191,-5.67339e-05,-0.000519466,0.001016,-0.00186251,0.00414143,0.010991,-0.0115211,0.0120879,0.0163919,0.00140368,0.0108507,0.0042945,0.00975495,0.021442,0.00501597,0.00785738,-0.00486856,0.0129109,0.00792349,-0.0308541,0.00157229,0.000765118,0.0134386,-0.00548618,0.0101693,0.0169234,0.00118014,0.0149855,0.00271586,-0.0112945,-0.000383323,0.00587253,-0.00283979,0.00234918,-0.00300021,-0.00996071,-0.0105716,-0.00219962,-0.010787,-0.00084012,0.000778389,-0.000841125,0.0013583,-0.0171234,-0.0238048,-0.0112915,-0.0401511,-0.0194314,-0.003191,-0.00878151,-0.0424876,-0.0121406,0.0267379,-0.00675216,0.00345385,-0.000875519,-0.0369253,0.0124258,0.00172364,-0.003917,0.0091603,-0.0314259,-0.0280813,0.00728081,-0.0421175,-0.0219078,0.00328227,-0.00223643,0.00239383,-0.00364363,-0.00863617,-0.0127791,0.00135537,-0.0112045,0.0246284,-0.0042188,-0.00883801,0.0201321,0.0087183,-0.00945375,-0.00523848,0.00842263,-0.00169096,0.0345484,0.0147421,-0.000989101,0.00118222,-0.00133982,0.0014016,0.00501352,0.0181226,0.00399065,0.0198294,0.0193051,0.0305931,0.0367713,0.022663,0.00827375,-0.0116334,0.00577814,-0.000234784,0.0108639,0.0375151,-0.0039179,0.0231348,0.000604979,-0.00692806,0.0214363,0.0128187,-0.0174969,0.00678846,0.00716245,-0.0021605,0.0139817,0.0165701,-0.0328397,0.00754845,-0.0127042,-0.00255966,-0.00163297,0.00742791,0.00773057,0.00879144,-0.0016042,-0.00547812,-0.0126027,-0.0141272,-0.0208506,0.00286234,0.000117647,-0.00590069,-0.0093081,-0.00885877,-0.0143438,-0.0118319,0.00321608,-0.0170855,-0.00424231,0.00671731,0.0117219,0.00602561,-0.0109974,-0.013785,-0.0203031,-0.00250703,-0.0212086,-0.000205698,-0.0111049,-0.0025672,-0.00574644,6.32348e-05,0.000691478,-0.00127669,0.00816918,-0.00473141,-0.0280241,0.00104904,0.00731734,-0.0228418,3.17981e-05,0.0112105,0.00974979,0.00800193,0.00707539,-0.00430546,0.00684861,-0.0144496,-0.00073763,0.0101633,0.00690552,0.00849145,0.0042501,0.0197275,-0.00937901,0.00510704,0.00777921,-0.000221673,0.00658099,-0.00190215,0.00128028,-0.00160082,0.0171386,0.0277098,0.0291352,0.00862744,0.00113929,0.00131767,0.013511,0.0103725,0.011141,0.00133362,-0.0127321,0.00625341,0.00915656,0.00261085,0.0172848,0.0100721,-0.01616,-0.00656886,0.00028048,-0.019201,0.00389652,0.00521158,-0.00513993,-0.0310426,-0.0140181,-0.0157952,-0.02439,-0.00646448,-0.00200874,-0.00722068,-0.02859,-0.0140427,0.00157367,-0.0209249,0.0117452,-0.0462014,-5.44496e-05,-0.0198818,-0.0131814,-0.00149317,-0.0273763,0.00150471,-0.00123823,0.000328704,-0.0244006,-0.0210416,0.00416361,0.00014089,-0.0122181,-0.0400445,-0.00305958,-0.000311446,0.0149741,0.0204141,-0.00650847,-0.00427117,-0.0213479,-0.00459063,0.00546181,0.00857833,0.00290896,-0.0157817,-0.0181082,-0.00279275,-0.00623237,0.0156576,0.00866768,0.00999676,-0.00647581,-0.00577237,0.00279678,0.0238398,0.00332985,0.00996587,0.0117617,0.00666795,0.0160896,0.00302398,0.00130813,0.00685711,-0.00361348,0.0110696,0.00279919,0.00250581,-0.0282727,0.00532373,0.0193131,-0.00580737,0.0228955,-0.0358102,-0.0259264,0.00505087,0.00887718,0.00862267,-0.00953973,0.0157861,0.0213951,-0.00573171,0.0106657,0.0308158,-0.0154926,-0.00150777,0.0102141,-0.0226888,0.00544238,-0.0207523,-0.051877,-0.00113623,0.00576965,-0.022665,-0.0211233,0.000818131,-0.0192364,-0.0393224,-0.0393738,-0.036254,-0.0146694,-0.0215674,0.00611711,-0.0285912,-0.0140092,-0.0218972,0.00536261,-0.060379,-0.054701,-0.00807413,-0.0373683,-0.0315029,-0.0301347,-0.0299098,-0.0364476,-0.0083532,-0.0147682,-0.0106964,-0.0556578,-0.0036196,-0.0282653,-0.0244829,-0.01367,-0.023361,0.00723918,-0.0200219,0.011706,-0.0422109,-0.0240046,0.00870093,-0.025048,-0.0118508,-0.00147573,-0.00276479,-0.00983168,-0.0022538,0.00636313,0.000927167,-0.00251546,0.00624476,0.000507379,-0.0108124,0.0076054,-0.00240032,-0.00883278,-0.00455975,0.0119813,-0.00965998,0.00351308,0.0238871,0.00337692,-0.00238453,0.00333832,-0.0103254,-0.0144865,-0.00764597,0.013288,-0.0125257,-0.015019,0.00793561,-0.00501266,-0.0117261,-0.00730414,0.009307,-0.00738592,-0.00834118,0.0119661,-0.0165494,0.00266433,-0.0144587,-0.0277051,0.00557367,-0.00288451,0.00176461,-0.00104872,0.000518981,5.49218e-05,-0.000851493,-0.0160233,-0.0134496,-0.0112659,-0.00270191,0.00749211,-0.0222771,-0.0120431,-0.0188612,-0.0140113,-0.00926796,-0.00864071,0.000572287,-0.0587641,-0.0189431,-0.0302747,-0.00754677,-0.0379183,0.00524435,-0.00478243,-0.0150843,0.00359975,-0.000235264,0.00610224,-0.000651374,-0.0012255,0.00555095,-0.0157153,-0.0299397,0.000328122,-0.0023036,0.00515291,0.000736852,-0.0130664,0.0110742,-0.0130804,0.0022864,0.0222186,-0.00501954,0.017123,0.0294347,-0.0076518,0.0194735,0.0211244,0.00172651,-0.00103878,0.019034,0.00695238,-0.00326786,0.00536332,0.0180831,0.0219155,-0.00564337,-0.00363296,0.0220487,0.0208726,0.00543482,0.022037,0.0122422,-0.00262707,0.0293818,0.00620974,0.00448753,-0.00040928,0.0184029,0.0219596,-0.0216732,0.0115721,0.0282133,0.0203523,0.000240489,-0.00150917,0.00329142,-0.0109505,-0.00280671,-0.00309316,0.0145477,0.0147063,-0.000708369,-0.0120802,-0.00347601,-0.0115972,0.00355167,0.0027448,0.00448084,7.30092e-05,-0.0142586,-0.0164863,-0.012902,0.0047212,0.0050509,-0.00677165,-0.0155891,-0.0265118,-0.0225999,-0.0429818,0.00672444,-0.0126539,-0.011401,0.00238332,-0.0426675,-0.0142786,0.00848838,-0.00768874,-0.00795402,0.0161771,-0.00635164,-0.0161033,-0.0101272,-0.00704985,0.00617474,0.00225824,-0.00635225,-0.00563009,-0.00498827,-0.00980918,-0.0146087,-0.0218307,-0.0256671,0.00195799,0.00332821,0.000806577,-0.00230458,0.0204707,0.00548713,0.0282978,0.0100461,-0.00571445,0.0103547,0.0151522,0.0262828,0.0189679,0.0133396,0.029877,0.00339555,-0.00343472,0.0181201,0.0135832,0.0054863,0.00676541,-0.00355601,0.0216449,0.00620852,-0.000238769,0.00531703,0.00121956,-0.00190627,-0.00409208,0.0190523,-0.00206714,-0.00137025,-0.0156216,0.00818974,0.00543338,-0.0123433,-0.0494067,-0.00759845,0.0100549,0.0131574,-0.00265926,-0.00639824,-0.0102058,-0.00866963,-0.0112335,-0.00413317,0.0180085,-0.0151565,-0.0357347,-0.0317143,-0.0037576,-0.000713277,0.004716,-0.00449066,-0.0139637,0.00481484,-0.00791317,0.00114561,-0.0234169,-0.0356369,0.000238885,-0.0137702,-0.0115922,-0.0196157,-0.0204263,-0.0200503,-0.0274718,-0.0199092,-0.0158562,-0.0639452,-0.00418397,-0.0025473,-0.0234546,0.0025968,-0.00131085,0.000854855,-0.000615371,0.000570349,-0.00119615,-0.00645855,0.00295204,-0.00376996,0.027209,0.0134676,-0.00378661,0.00159247,0.00306145,-0.00299706,-0.000886917,0.00073398,-0.0125801,0.000722815,-0.00151412,0.0142593,0.0333114,-0.00899496,0.00622321,0.0103813,0.0171443,0.0150955,-0.00408142,0.00536229,0.00609472,0.000657698,0.00454283,-0.014918,-0.0135142,0.0102112,0.00915877,0.0112834,-0.010834,0.0152317,0.0102239,0.00251741,0.00940625,-0.00412467,0.0107678,0.00568575,-0.00840515,-0.0225434
1784907950.255,0.00381679,-0.0145166,-0.0257369,0.00033698,-0.0209899,0.0100844,-0.0339069,-0.00988354,-0.0089238,-0.0262715,-0.0314551,0.000133516,-0.0281283,-0.0199101,0.00280691,-0.0345309,-0.0146283,-0.0108054,-0.00555087,0.000287668,-0.00345801,0.00440571,-0.000918845,0.0230646,0.0258907,0.00611902,-0.0147337,0.0156534,-0.00226335,0.00199752,0.010426,-0.0338472,0.029268,0.0379414,0.00122106,0.0221582,-0.00496926,0.00476999,0.00574257,-0.0143598,0.0160483,0.00214858,-0.000277886,-0.00121367,0.0032715,-0.0104469,-0.019464,0.00640889,-0.023727,-0.01061,-0.0237596,0.00376352,0.0262025,0.00221599,0.00767337,-0.0205904,-0.0145242,0.0055031,-0.0208049,-0.0155697,0.0114901,0.0117,-0.00124968,0.00241906,-0.00863685,-0.00248686,0.00125618,-0.002508,-0.0246407,0.0139965,-0.00764108,0.000542774,-0.012622,-0.0284617,0.00625005,-0.0102635,-0.0132582,-0.020849,-0.0326925,-0.0151788,-0.0117405,-0.0292719,0.00760442,-0.0231858,-0.00854584,-0.0104623,-0.0253434,0.00777588,-0.00675132,-0.0339934,-0.00403882,-0.00468287,0.00104104,0.00859164,-0.0141684,0.0159214,0.0148795,-0.0116454,-0.0289434,-0.00543817,-0.0285138,-0.00152818,0.00400325,0.00358339,-0.00102514,0.000570783,-0.00329356,0.0158946,0.00233995,-0.0118936,0.00900945,0.0147537,0.00118598,0.0182512,0.0105685,-0.00371165,-0.00074742,-0.00079347,0.0260101,0.0135491,-0.00139556,-0.00961933,-0.0018027,0.0261549,0.00881386,-0.0173246,0.00125137,0.00506026,0.00013695,0.00210291,-0.00350819,0.0161587,0.00710809,0.0104966,0.000981168,0.00429582,-0.0249598,-0.00528774,0.0134142,0.0161556,-0.00386712,0.00375181,-0.00857832,-0.00658393,0.00119814,-0.0112054,-0.00979946,-0.00392716,-0.0122613,-0.0172859,-0.00579968,0.0101205,-0.0114874,-0.00297985,0.00437932,-0.0374523,-0.0178946,-0.0202696,0.0160423,0.0166563,-0.0150261,-0.0480935,-0.00531403,-0.0447735,-0.0247895,0.00217031,0.0021394,-0.0131124,-0.0052191,-0.0140174,-0.000916964,-0.031745,-0.0245364,0.0173085,0.00505894,-0.0273015,-0.0341515,0.00930053,-0.00988453,-0.0271976,0.00926789,-0.0162212,-0.0122245,-0.00416711,0.00626242,-0.00414884,0.0101653,-0.00969588,0.000370181,0.00544529,-0.00209886,0.0109086,-0.00134902,0.000871727,0.00247385,0.00658138,0.0024405,0.0027096,0.0057525,0.0174976,0.0144865,0.0100465,-0.00543777,0.00997896,0.0259362,-0.00476185,0.0126577,0.022567,0.0179701,-0.00580503,0.00348372,-0.00279622,0.00448847,0.00822274,0.00633432,0.0301648,-0.0151761,-0.0367646,-0.00518199,-0.00844077,-0.0114167,-0.0197328,0.00124137,-0.00735077,0.0010304,0.00189192,-0.0124367,0.00390288,0.00865541,-0.00229747,7.04547e-05,0.00252779,-0.00445542,-0.060865,-0.00961666,-0.0309736,0.00502571,-0.0128409,-0.0231224,-0.0226659,0.00329647,-0.0056565,-0.0025294,0.00296103,-0.00980579,-0.0463796,-0.00669117,-0.020366,-0.0206376,0.00370587,0.00535822,-0.0166132,-0.0250118,-0.0146503,-0.0284045,-0.0408508,-0.00563501,0.00616775,-0.0337206,0.0088359,-0.0263958,-0.000302645,-0.0202662,-0.014455,0.00130797,-0.00733333,-0.021546,-0.0125414,-0.0260389,-0.0130492,-0.00246981,-0.0195612,-0.0103653,0.013523,-0.000747428,0.0127688,0.014705,-0.0179636,0.00730223,-0.00207938,-0.00108519,0.0158335,0.0258007,-0.00869817,0.0197656,0.0131078,-0.000299961,-0.0182495,0.0131928,0.000747929,-0.0114577,-0.00832869,-0.0110377,-0.0015332,0.00438432,-0.0164172,0.0074064,0.0117596,-0.0139521,0.00526225,0.00822055,0.00714091,0.000428915,0.00516232,0.00187093,0.0337066,0.0030824,-0.0245527,-0.00776085,-0.000411115,0.00252451,-0.0437433,-0.00711972,0.0148465,-0.0158891,0.00282491,0.00220902,-0.0126462,-0.0062264,-0.016963,-0.0320222,-0.0223928,-0.0531261,-0.0127105,-0.00602214,-0.00920352,-0.0294447,-0.0211611,-0.0273614,-0.0107141,0.00364454,-0.0230491,-0.0464774,0.0192065,-0.0316109,-0.0453501,-0.00588004,-0.0310499,-0.0433709,-0.0141923,-0.00949433,-0.016329,-0.00663191,-0.0107515,-0.0202769,-0.0412937,-0.0346399,-0.0202447,-0.0292664,0.00236639,0.0090132,0.0104156,-0.0168741,0.00603266,-0.00650134,0.0106603,-0.0226302,-0.0279405,-0.00126068,-0.0160951,-0.0332778,-0.017171,-0.0083511,0.00222667,-0.0132682,-0.00890183,-0.0171451,-0.00622081,0.00300216,-0.00217753,0.00908111,0.0050878,-0.0221056,-0.0142672,-0.0146196,0.00479998,0.00350765,-0.000159812,-0.000722046,0.00420777,-0.0146043,-0.00155276,-0.000539759,-0.00870548,0.0144656,-0.0344629,-0.013582,-0.00362511,-0.0346937,-0.00815856,0.00029115,0.0025978,-0.0113159,0.0142861,-0.0203043,-0.0086228,0.0227202,-0.0127704,-0.00549633,0.00231093,-0.015159,0.00918385,-0.00959985,-0.0251152,-0.00771335,-0.0418099,-0.0248887,-0.0161604,-0.0166644,-0.0170748,-0.0276161,-0.0279361,0.00170008,-0.00126163,-0.045688,0.00345851,-0.0410532,0.000145218,-0.0238661,-0.0230677,-0.000152947,-0.0250462,0.0117823,-0.000318965,-0.00228974,0.00179658,-0.00267603,-0.0102261,-0.00552099,0.000114645,-0.0218218,-0.0114221,0.0059504,-0.0223604,-0.012483,0.0029048,-0.00185873,0.00168119,-0.00208995,0.00554876,0.00153612,0.00435323,0.00404101,0.0161917,0.00636526,-0.00144175,0.00106117,0.0151109,0.00696117,0.00808864,0.00823451,-0.0173817,-0.00572699,0.0139824,0.0102297,0.0275482,0.00547328,-0.00353298,0.0234825,0.00866853,0.0182044,0.00775779,0.0128812,-0.00314412,-0.00132442,-0.0138647,-0.0183033,0.0192121,-0.00646479,0.00774458,0.00689217,2.08818e-05,0.000161341,-0.000423889,0.00076849,-0.00121974,0.00196626,-0.0138873,-0.00613679,0.000763965,-0.0281637,-0.0181069,-0.0188087,-0.0213134,-0.0230535,0.00270782,-0.007026,-0.0181709,-0.0279649,-0.00449503,0.0136219,-0.0183386,-0.0276994,0.0146858,-0.00534892,0.00574382,-0.0177542,-0.00724444,-0.037514,0.00177257,-0.0224275,-0.0191697,-0.00930101,0.00439479,-0.00839814,-0.0325205,0.000910054,-0.0186153,0.00447449,-0.0183795,-0.00980859,0.0130221,-0.0195981,-0.0166878,-0.0112481,-0.00150999,0.00766027,-0.0205621,-0.000304177,-0.0113856,-0.0127627,0.00414628,0.00972524,0.00974276,-0.0050099,0.0139143,0.0201727,-0.0241194,-0.0087422,0.00985288,-0.000207066,0.0221092,0.0290368,0.0117327,0.0116766,0.009517,0.010371,-0.0336865,0.0251566,0.0216804,-0.02254,0.0117612,0.000322736,0.00413973,0.00363155,0.00614623,0.000108332,0.0139802,-0.00546028,0.0153592,0.00780091,0.00744219,-0.0176707,-0.0302628,0.00367794,-0.0132199,-0.000610999,0.0135745,0.000398497,0.0042973,-0.0253189,-0.0186297,0.0171786,-0.00791427,-0.0124821,-0.00592429,-0.0115707,-0.00505757,-0.0212476,-0.0139639,0.00720602,-0.0135529,-0.0168573,-0.0163613,-0.0251831,0.00404424,-0.00134541,-0.000189825,0.00203448,-0.0095535,-0.0280646,-0.0112262,-0.0158704,-0.0271605,-0.0175802,0.00246338,-0.012423,-0.000263952,-0.0277721,-0.00475291,0.00804211,-0.000982386,0.000323607,-0.000748733,-0.0347656,-0.0198476,0.00575737,0.00432678,-0.0176511,-0.0164587,-0.01745,-0.00518497,0.0142488,-0.00291731,0.00191044,-0.00191502,0.0093044,0.00998372,0.01236,-0.00119583,-0.0108881,-0.00136715,0.00367596,0.00496308,0.0186116,0.00482317,-0.00356722,-0.0242471,0.00574542,-0.00412072,0.0174843,0.0161243,0.0160782,0.0200171,-0.0193164,-0.00701933,0.0191204,-0.00284876,-0.0139094,-0.0232293,0.0258197,0.0301372,0.0184504,0.00297749,-0.00061081,0.00186585,0.0233073,0.0108936,-0.00547942,-0.0181829,-0.00324196,-0.00866246,-0.00461918,0.00109212,-0.0214108,-0.0384292,0.000249286,0.000469531,-0.0106292,-0.00302413,-0.0274547,-0.0269524,-0.00504938,0.00483098,-0.0118357,-0.014212,-0.00338746,0.00471815,-0.0189198,-0.0232944,0.0059855,-0.0152526,-0.0139816,-0.0286654,-0.0524617,-0.00374301,-0.024843,-0.0266427,-0.02084,-0.00061337,-0.0345994,-0.00888967,3.31643e-05,0.0273213,0.00526506,-0.0325181,0.00180041,-0.00144107,0.00142377,-0.00172406,-0.00895238,-0.0161084,-0.0304577,-0.0036507,0.00556318,0.0513679,0.00863414,-0.0182078,-0.0141372,-0.00443588,-0.0152844,-0.00204764,0.0109738,0.0095188,-0.0161608,0.00680604,0.0102279,-0.00544292,0.0130396,-0.0125883,-0.0128296,0.00557869,-0.00427837,0.00908395,-0.00294538,0.00595128,-0.00141719,-0.0164865,0.0101261,-0.00315775,0.00102374,0.000606782,-0.00284875,0.0175789,0.0243612,-0.00644102,0.00477261,-0.00502371,0.00757225,-0.0273496,-0.018669,0.0136531,-0.00874324,-0.0172439,-0.0229435,0.00126378,-0.0149709,-0.024024,0.000651431,-0.027271,0.00446624,3.77159e-05,-0.00866625,-0.016181,-0.0390261,-0.000927207,-0.0167783,-0.00134626,-0.0311208,-0.0226032,-0.0108979,-0.0323177,-0.0146768,-0.0242833,-0.0265432,-0.0426375,-0.0253119,-0.0123156,-0.0325404,-0.0180628,-0.0137167,-0.036463,-0.0298179,-0.0218101,-0.019888,-0.0222587,0.00894996,-0.0103269,-0.00442312,0.00663332,-0.00111491,-0.000205581,0.00159934,-0.00506105,-0.0161013,0.0028285,-0.00101062,0.000247746,-0.0130745,-0.0209168,-0.010046,0.00323433,-0.0015487,0.00128171,0.0236724,0.00704066,0.00101385,0.00647118,-0.00907582,-0.00862456,-0.00014936,-0.0111243,0.0263018,0.000429051,-0.0120151,0.017076,0.00565752,-0.00242385,0.0325624,-0.000903488,0.0171169,0.0272039,0.00973782,0.0082904,0.0122166,0.00862011,0.00622709,0.00171397,-0.00118929,0.0152989,0.00364595,-7.12526e-05,-0.00181526,0.0180848,0.000838919,-0.0138718,0.0105394,-0.00363168,0.00267015,-0.00251695,-0.0341501,-0.039428,-0.0151788,-0.0248809,-0.00712498,0.00503684,-0.006616,-0.0339122,0.00333838,-0.00192182,0.00180902,-0.00226395,0.00382803,-0.0292931,-0.0118355,-0.0138816,-0.00345882,-0.0112533,-0.00872366,-0.0237682,-0.0457293,0.00316421,-0.0108253,-0.00659052,-0.0256574,-0.00568585,-0.00333223,-0.0421038,0.00545884,-0.00309137,0.00234196,-0.00279404,-0.0181921,0.00921256,0.00523991,-0.000512058,-0.00029812,0.00121786,-0.0117945,-0.00125511,-0.0119713,0.00107777,0.00486677,0.00160918,-0.00889159,-0.00605109,0.00627533,0.00252889,-0.00303864,0.0212457,0.00353809,0.0183604,0.0096938,-0.015307,0.00024052,0.00180623,0.0223815,0.00486604,0.00363745,0.00713395,-0.00632631,0.00432347,-0.00535942,0.0240745,0.0281718,0.00343996,0.00910317,-0.00655951,-0.00420173,0.0154206,0.00584768,0.00133843,0.00122636,0.0206556,-0.000783276,-0.038111,0.00365806,-0.0117342,0.0124173,-0.00117765,-0.0247779,0.0105969,0.00998888,-0.00269585,0.00440985,0.0234476,-0.0248452,-0.0321132,-0.0148818,-0.0143059,-0.00725511,0.0105069,-0.0255855,0.00200285,-0.0235182,-0.02418,-0.00851683,-0.0175394,-0.0118263,-0.00772221,-0.0342039,-0.0289409,-0.00243608,-0.0304967,-0.00833488,0.000883188,-0.0142526,0.00924349,-0.0287926,-0.026957,0.0015351,-0.0183514,0.0127427,0.000203282,0.00249758,-0.00621121,-0.00854759,0.00143716,0.000176777,-0.00160743,0.00543325,0.0127203,0.0244771,0.0168473,-0.00843136,0.0095445,-0.0313603,-0.00279615,-0.0160745,-0.00735071,-0.0127647,-0.0203918,0.00971451,-0.00953599,0.0106737,0.0283671,0.0291726,0.0214484,0.0472473,-0.0059858,0.0124969,0.00160366,0.0292909,0.00271364,-0.00982272,0.00412162,0.020934,0.0134263,-0.00220433,0.00170943,0.00387756,0.00659941,1.92975e-05,0.00256684,0.00340999,-0.0148975,-0.0173241,-0.00248201,-0.0124068,0.00247014,-0.0118956,-0.0151618,-0.0104521,-0.0381226,-0.0109725,0.00729134,-0.00668943,-0.0113184,0.00770187,-0.0186558,-0.0300033,-0.0150119,-0.00935743,-0.0280181,-0.0283167,0.00332903,-0.00435708,-0.0260787,-0.0315919,-0.0216335,-0.0478914,-0.0140041,0.0161588,-0.0604755,-0.0338047,0.00449461,0.00560408,-0.0305835,-0.0274553,-0.00638152,-0.0216136,-0.0142418,0.00253824,-0.0149544,-0.0181198,-0.0405663,-0.0041226,-0.0073356,-0.0271066,0.0141913,-0.00275243,-0.00704996,0.0151787,-0.0154398,0.0220365,-0.00652618,0.00217801,0.000125216,-0.000312091,0.000431487,0.0173802,0.000779678,0.00778667,0.00718702,0.00890486,0.00818102,0.0128903,-0.00770576,0.016496,0.00176858,-0.0109628,0.00410728,-0.00201051,0.000544998,0.0033847,-0.0141429,-0.00185008,0.0104052,0.0031271,0.00956404,-0.0100663,-0.000416447,-0.000107061,0.00516708,0.00402158,0.0143813,0.0171807,-0.0132624,-0.00119815,-0.0169775,-0.0242837,0.00589109,0.00801119,-0.0221075,0.000448425,-0.0052614,-0.0332605,-0.0363199,-0.00628839,-0.00171006,-0.0250939,0.0160867,-0.0674762,-0.0626009,0.0105046,-0.0287107,-0.00581832,-0.0270478,-0.0207226,-0.00466345,-0.0334412,-0.0104298,-0.0351472,-0.0174522,-0.0277351,0.00402305,-0.00217288,-0.0160181,-0.0165088,-0.0228729,-0.00615105,-0.0284774,-0.0149175,-0.00549294,-0.0468383,0.00874523,-0.0312495,-0.00399136,-1.21018e-07,-0.0203847,-0.0036956,0.00202828,-0.00591439,-0.0129936,-0.0215528,0.0370569,-0.0166282,-0.0235994,-0.0111067,-0.017732,-0.0010297,0.00971928,0.00406839,0.00185619,-0.00869177,0.0137757,-0.0067017,0.00347146,-0.0260258,0.00126884,0.00211436,-0.0201283,0.0273331,0.00630269,-0.0124403,0.00769127,-0.00637105,0.0146085,0.036627,0.000226052,0.00564807,0.0214193,0.00243024,0.00392776,0.0247948,-0.0269346,0.0203479,0.00228933,0.027294,0.0147208,0.00893491,-0.010884,-0.00523355,-0.0024009,-0.016793,-0.00119395,-0.0248543,0.0133702,0.0258434,0.00165432,-0.00445036,-0.0120434,-0.0323648,-0.018168,0.00125079,-0.0200303,0.00381425,-0.0131192,-0.0212479,-0.0475554,-0.033163,-0.0256178,-0.0145762,-0.0188883,-0.0218377,0.000455159,-0.0137919,0.00744128,-0.0109337,-0.0256894,0.0168076,-0.00370013,-0.00853471,0.0080871,-0.018381,-0.00708221,0.0113235,-0.0326919,-0.0128918,0.00376784,-0.0141113,0.00164342,-0.00177387,0.00429244,0.0318124,0.0172091,0.00806553,0.00972874,-0.00596584,0.00271095,-0.00232291,0.00620435,0.001162,-0.000233711,-5.42939e-05,0.000282953,-0.000634179,0.00138642,-0.011904,-0.0013219,0.0137329,0.0309269,0.0040287,2.47696e-05,-0.00730632,-0.0437403,0.00588445,0.0142857,0.00367892,0.0174721,0.000904619,0.0081771,-0.00106694,0.00317204,-0.010798,-0.000991987,0.0138404,0.022391,0.0194537,0.00321772,-0.00333652,0.0326177,0.00593928,0.000705317,-0.00136017,-0.00925819,0.00705776,0.0273176,0.00771043,0.0192022,6.30596e-05,0.00466001,-0.0212197,-0.00189614,-0.00539875,-0.0136914,0.00384351,-0.00664456,-0.00412284,-0.0233702,-0.0233942,0.00519857,0.00573566,-0.00819404,-0.0128126,0.00233877,-0.00614027,-0.000754118,-0.00198052,-0.0127391,-0.0175727,-0.00201017,0.00504477,-0.00214148,0.00412894,-0.00541044,-0.0181747,0.00390542,0.00384825,0.00134683,0.0127683,-0.0106634,-0.0168629,-0.00360891,-0.0111972,-0.0088454,0.00473481,-0.00833317,-0.0172595,-0.00155079,0.0148976,-0.0123681,-0.000559651,-0.0130391,0.002573,-0.0117233,-0.0124845,0.00125051,-0.0246944,-0.0107332,-0.00369676,0.0148151,0.00225244,0.00145369,0.0099503,0.000282653,0.0169742,0.0172673,-0.000472357,-0.00647082,-0.0012272,-0.00160287,0.00873252,0.0256347,0.0113234,-0.00971207,-0.00146581,0.00124523,0.0113514,0.00286001,0.0131371,0.017489,-0.00257359,-0.0248015,-0.0138419,-0.00411137,0.025931,0.0120904,0.019783,-0.0058255,-0.00344915,0.0181179,0.00984623,0.00594351,-0.0218813,-0.02062,-0.0113059,-0.00104343,0.00416802,-0.00141671,-0.0290803,-0.000731237,-0.0256237,-0.0347522,-0.0139308,0.00693489,-0.0204197,-0.0131992,-0.00622259,-0.063287,-0.019649,-0.00118451,-0.0164332,-0.0119033,-0.0143852,0.00312642,-0.0132709,-0.0177601,-0.0311398,0.00216305,-0.0047616,-0.0362027,-0.0337552,-0.0101047,0.000525563,-0.00258328,-0.0288814,-0.0276683,-0.00361043,0.00448976,-0.00405677,0.0090231,0.00382104,0.00538639,0.00649802,0.00755803,-0.0284104,-0.0218043,0.0181932,-0.017496,-0.0230346,-0.016372,0.00958637,0.00681783,0.000659781,0.00766527,0.00528633,-0.0286344,-0.0115021,0.00969453,0.0125979,-0.0037647,0.00499559,0.0173312,-0.00190305,-0.0023166,0.00817451,0.000228886,0.0048804,0.00307933,-0.00878434,-0.023427,-0.00831101,-0.0190822,-0.0147696,0.00540308,0.00899503,-0.00421886,-0.0103714,-0.00812496,-0.0370315,0.0154754,0.000822756,0.000191571,-6.3571e-05,-0.0419464,0.000343144,-0.000436429,-0.00817706,-0.0176322,-0.0182167,-0.011248,0.00347109,-0.0180707,-0.0021097,-0.0349748,-0.000457603,0.00043523,-0.00193552,-0.0270265,-0.0296382,-0.00477858,-0.0107486,-0.015209,-0.0285985,-0.0303672,-0.0420996,0.000537034,-0.0150741,-0.0344587,-0.0269905,-0.00755437,-0.023563,-0.00903106,-0.0313401,0.000562479,-0.0312199,-0.0107982,-0.0241304,-0.00597734,-0.00692873,-0.0249604,0.0113202,-0.0164401,-0.0023887,0.00259551,0.00869608,-0.0118143,0.00351607,0.0147409,0.00130617,-0.000721823,0.00238054,0.0251298,0.0238818,0.0223541,0.0130067,-0.00567425,0.0169981,-0.0141853,-0.000680666,-0.00054513,0.00973243,0.0127581,0.00359455,-0.0289064,-0.00896477,0.000456018,0.0138028,0.0238171,-0.0202492,0.00272505,0.00392492,0.00639789,-0.000281237,0.00728033,4.99347e-05,-0.0146138,0.0200325,-7.11342e-05,0.00434685,0.00811021,-0.0122878,-0.0369077,0.0192942,-0.00887581,-0.00819567,0.00259947,-0.00754448,0.00432854,-0.0237936,-0.014285,0.0088736,-0.025294,-0.0283058,-0.00297746,0.00727784,-0.0235118,-0.017595,-0.00738751,0.00236292,-0.0151159,-0.00790477,-0.0177319,-0.0121373,-0.018899,-0.0148816,-0.00383575,-0.0308625,-0.0115051,-0.00405879,-0.0338994,-0.00959272,-0.0272885,0.00258429,-0.015927,-0.00809633,-0.0111466,0.000190644,-0.0339818,-0.00753738,-0.0162595,0.006837,-0.0163646,0.00899914,0.0116334,-0.00237204,0.00182662,-0.00184718,0.00226841,-0.0271683,0.00646403,0.0217721,-0.0112098,0.0048202,0.025857,0.0116071,0.00355211,-0.0025486,0.00582647,0.0141208,0.0160749,0.00187174,0.0138893,0.0308041,-0.00469239,0.000964227,0.0123218,0.00662422,0.00225701,0.0155898,-0.000580382,0.00605354,0.000127605,-0.00182669,0.00594817,0.00803192,0.00346078,0.0126416,0.00720224,0.000217878,-0.000550476,0.00801744,-0.00860613,0.0167369,-0.00176694,-0.00624251,-0.0186757,-0.0198473,0.00133555,0.0110164,0.000501939,-0.000149116,0.00313257,-0.0245821,-0.0212775,0.0081261,-0.0201662,0.00157564,-0.00100696,0.000662834,0.00669401,0.0103023,-0.0248366,-0.022509,-0.00890029,-0.0186143,0.00280359,-0.0286867,0.00129146,-0.0233583,-0.00966084,0.0108433,-0.0207142,0.00124002,-0.007248,-0.0153696,0.00599814,-0.00812714,-0.0218459,0.0184732,-0.0182301,-0.0286366,-0.00172057,-0.00953237,0.00785534,-0.00104525,0.0169028,0.00955979,0.0163439,0.0119223,0.00098141,0.0169767,0.000365809,-0.00388677,0.0175781,-0.000207343,-0.00275155,0.0173136,-0.000656286,0.00820154,0.00245261,0.00470704,0.00362333,0.00212107,0.00428017,0.00877476,0.03096,0.0132005,-3.13717e-05,0.0169599,0.00286251,0.0143065,0.00718412,0.00845673,0.0188096,-0.00751601,-0.000694677,0.000213972,-0.00038525,-0.0112676,-0.00112031,0.0019131,-0.00429678,-0.00948132,-0.000415052,0.013844,0.00980307,0.00110531,0.000384386,0.000713242,0.00805627,-0.000974922,-0.00976684,-0.0227447,-0.0178361,-0.00814743,-0.0474541,-0.0190294,-0.00432046,0.00418376,-0.00574603,0.0124639,-0.0029245,-0.0269554,0.00298811,0.00276691,-0.0165264,-0.0389997,-0.0168469,-0.0303441,-0.00838379,-0.0127501,0.00317153,-0.00335805,-0.0124638,-0.0271731,-0.0336111,-0.00299605,-0.0073924,-0.013399,-0.0167278,-0.00516641,0.00244908,-0.00211428,0.00296093,-0.0152386,-0.00730349,0.0112114,-0.0164005,-0.0174363,0.000161872,0.00879498,-0.00315033,0.00898618,0.00724207,-0.0132503,-0.0230265,0.0174799,-0.0101705,-0.0032754,-0.00926001,-0.000604802,0.0269294,0.0133924,0.00657221,0.00626201,0.0039696,0.00191093,0.0135002,-0.000842999,0.00993504,-0.0279804,-0.0246047,0.00564991,0.00152991,0.0183805,0.0124172,-0.00493956,-0.00698451,0.00965437,0.000839364,0.01245,0.0139845,-0.00650856,-0.0353586,0.00228096,-0.00215458,0.00450292,0.0182807,-0.0114871,-0.0213538,0.0114534,-0.0363043,-0.02511,-0.00443458,-0.0302348,0.0067329,0.00162309,-0.0189008,-0.0216153,-0.00147785,-0.00964734,-0.0117012,-0.00919679,-0.00816975,-0.0227692,-0.0100468,-0.0141506,0.00209593,-0.0259017,-0.0145323,-0.0225407,-0.0156257,0.0138229,-0.0134626,-0.0233807,-0.0364477,-0.022937,0.00823719,-0.0151742,-0.0414257,-0.0289371,-0.0382629,0.00314015,-0.0307342,-0.0358804,-0.0425879,-0.0284699,-0.00997176,-0.0144815,0.00614471,-0.0215792,-0.00711579,-0.0111918,-0.00847398,-0.00433076,-0.0224945,0.0014993,0.00517218,0.0206413,0.0114008,-0.00204945,0.00132676,0.00739592,-0.0191389,-0.00748412,-0.000387841,0.00472912,0.0183243,0.0069601,-0.000623686,0.00255797,0.00695617,-0.003807,0.0272573,-0.00451302,0.0150672,0.0335962,0.0212201,0.0105697,-0.000746921,0.0129616,0.00716652,-0.00220756,-0.01085,-0.000454615,-0.00013931,0.00133916,0.00583771,-0.021493,-0.0211856,0.00154546,-0.0144202,0.00880973,0.00220513,-0.0152819,-0.0264849,0.00518793,0.0312097,-0.0292396,0.00171246,-0.0066118,-0.00438477,0.00796129,-0.0318497,-0.0156183,-0.00217265,-0.0267387,-0.0239501,-0.00659109,0.00126326,0.00291777,0.0020454,-0.0274804,-0.000705424,-0.00874335,-0.00683377,0.00765155,-0.0217848,-0.0361544,-0.0144528,-0.00224664,0.00511893,0.000457798,-0.0205003,-0.0213309,-0.0169734,-0.0221044,0.00472921,-0.00944816,-0.0136128,-0.023198,-0.0154188,0.0187064,0.00419475,0.0126979,0.00885167,-0.00338552,-0.00313545,-0.0363569,-0.0112361,0.024674,-0.00693124,-0.0160941,-0.00721078,0.0088267,-0.00162111,0.00425276,-0.0012475,-0.00081811,-0.00361631,0.0130644,0.0060683,-0.00559637,0.0101297,-0.00437988,0.0168208,-0.00773118,0.0202163,0.0162982,-0.00399454,0.00600012,0.0269938,0.00367859,-0.00692151,0.00884985,-0.00106003,-0.0016476,0.00987223,0.000363408,-0.0207955,0.0157938,-0.000503967,0.0271394,0.000628041,-0.0120028,0.00886575,0.00398229,-0.0109388,0.011168,-0.0287833,-0.0135485,0.0128605,0.00310259,0.000513254,-0.000181897,0.0266894,0.0144218,0.00547876,0.00475538,0.000173702,0.0117303,0.00937735,0.000495528,-0.00852986,-0.0109158,-0.00992562,-0.0199032,-0.00663481,0.00436975,0.00993019,-0.00202938,-0.00976647,-0.00290373,0.0016803,-0.00131259,0.00152597,-0.00379046,-0.0193126,-0.00415,0.0350613,0.0154646,0.00180574,0.0373557,0.00504557,-0.0112124,0.00629546,0.00271566,-0.000929389,0.00114883,-0.00229212,0.00929767,0.0141729,-0.0198031,0.0299213,0.0384677,-0.00834865,0.0128838,0.00928547,-0.000901969,0.000241686,-0.000332772,0.00978573,0.00762947,-0.00248387,-0.0115482,0.00678151,0.011059,0.0140248,0.00988486,-0.00660472,0.01319,0.0146395,0.000544008,0.00645537,-0.00778405,0.0132518,0.00887331,0.00294428,-0.000188742,0.0113603,-0.000570905,0.00162879,0.00590452,-0.00211909,0.00242316,-0.00371797,0.0157946,-0.0128757,-0.00864854,0.00672653,0.0319635,0.0143758,-0.00522249,0.00391517,-0.00498565,-0.0111094,0.0126357,-0.0144729,-0.0237784,-0.017162,-0.0242388,0.00792032,0.0168486,-0.0113873,-0.0164492,0.0124676,-0.0150446,0.0185024,0.00367829,-0.0234686,0.0109194,-0.0367402,-0.0241442,-0.0148113,-0.0308738,-0.0120932,-0.00308375,0.00548913,-0.0436036,-0.0316206,-0.0295441,-0.0259553,-0.0270553,-0.0250759,-0.033328,0.00395834,-0.00657904,-0.0321573,-0.00313152,-0.00143579,0.0041978,-0.018988,0.00504872,0.0157984,-0.0097573,-0.0328939,0.00365197,-0.00364425,0.00610348,-0.0250919,-0.022647,-4.12939e-05,-0.0196032,0.00668087,-0.013628,0.00217799,0.0148883,-0.0163588,0.0146411,0.017868,0.00251327,-0.00550527,-0.0238368,0.00989648,0.00722242,-0.00139344,0.000999199,-0.00117035,0.00756506,-0.002346,0.0040894,-0.0221171,-0.0111775,-0.00266289,-0.00376161,-0.00135098,-0.0100954,-0.0158929,0.00713085,-0.0115573,0.00269838,-0.0124893,-0.0161854,-0.0184024,-0.00483757,-0.0270942,-0.00149121,-0.024536,0.00718322,0.00424879,-0.00740386,-0.00778837,-0.0224711,-0.0242309,-0.0108626,-0.02866,0.00204191,-0.00829903,-0.00927941,-0.00677981,-0.0255824,-0.0267332,-0.00647661,-0.0178778,-0.0228485,-0.0506488,-0.014914,-0.0493526,-0.00958175,-0.0303059,-0.0159899,-0.0349645,-0.00849805,-0.0013676,-0.036323,-0.0152578,-0.0106614,-0.0109012,0.000639951,-0.017769,-0.0181959,-0.00432105,0.00823656,0.00440586,-0.046176,-0.0110346,-0.0179642,0.00163985,0.00665918,-0.00136463,0.015347,0.0080672,-0.0385964,-0.010476,-0.00854787,0.00920414,-0.00392432,0.00973893,0.0060571,-0.00432036,-0.0143391,0.00758979,-0.00610284,0.0111207,-0.0160341,0.0230953,0.0159695,-0.0134209,0.0089306,-0.00977071,0.01149,0.0342112,0.00901808,0.029421,-0.0216741,-0.00870038,-0.0181588,-0.0066074,-0.018816,0.00492416,-0.00138135,-0.0313965,-0.0265308,0.00818881,-0.0004094,-0.0267931,-0.0148872,-0.0239125,-0.000599962,-0.0399244,-0.0395857,-0.017172,0.00638101,-0.0301435,-0.00143455,-0.00545621,-0.0343069,-0.0106373,-0.0074821,-0.0237258,-0.00362872,0.000665315,0.00602671,0.0156866,-0.0330541,-0.0162938,-0.0104698,-0.00514969,0.0145532,-0.0024395,-0.0265058,0.0190809,-0.0190535,-0.00907032,-0.00695345,-0.0052339,0.00543392,-0.0121215,0.00366607,-0.00411157,-0.0307736,0.00866316,0.0135616,0.000903436,0.00504753,-0.000723803,-0.00111289,0.00820612,-0.0111503,-0.00356632,0.00370103,-0.0190162,-0.000766253,-0.00148781,0.0106153,0.00287918,0.0143866,0.00589543,-0.008219,-0.000144707,-0.0119754,4.16714e-06,0.00790254,-0.00479386,0.00765611,0.0114414,-0.0135467,0.00464653,-0.00260741,0.0017197,-0.00239807,-0.0304634,0.00211447,0.012214,-9.75173e-05,-0.000384157,0.0180814,-0.0131535,0.00343123,0.00550318,-0.00343578,0.00640453,0.014725,-0.000526154,-0.0137862,-0.00567769,0.0125738,-0.0260154,-0.0244403,0.00425251,-0.000718311,0.00947499,-0.00134105,0.0133414,0.0246942,-0.0121887,-0.00684518,0.00978317,0.00550847,0.000777628,-0.0125784,0.00791136,-0.0180376,-0.00158655,0.00926336,-0.0200965,-0.0203071,-0.0231461,-0.0239422,0.000409177,-0.00370399,0.00598949,-0.0173098,-0.00248651,-0.0245828,-0.00976885,0.0129086,0.00746712,-0.0309985,-0.0205164,0.0136164,-0.021295,-0.000262012,0.000511789,0.016019,0.0249982,-0.00263255,-0.0102583,0.00231524,0.0112588,-0.00256725,0.00792384,0.0196354,-0.000552909,-0.0114843,0.00344257,0.0128154,-0.00657151,0.00561441,0.01141,0.0147442,0.00175019,0.0404595,-0.00834044,-0.010467,0.0133959,0.00211079,-0.0121565,0.0149612,-0.0023229,0.00576331,0.021448,0.00323733,0.015077,0.00361901,0.0277139,0.00971522,-0.00239016,-0.0117097,0.00816128,-0.00750449,-0.000541421,0.000285036,0.00121795,0.00619337,-0.0256238,0.0352895,0.0193602,-0.0193255,-0.00535925,-0.0074508,0.000267227,-0.012418,0.014074,0.000941424,-0.00901034,-0.0152248,-0.00482047,0.00887552,-0.0129004,-0.00316588,0.00821427,0.00243335,0.00217333,0.0058567,-0.0215147,-0.00323604,-0.00806492,-0.0238364,0.00180799,-0.000267509,-0.00160866,-0.00458981,-0.0383493,-0.0238706,-0.00645236,0.017404,-0.0177312,-0.0110646,0.00338466,-0.000378038,-0.0210046,-0.00542239,0.00403153,-0.00512934,-0.0142264,-0.00379304,-0.00849903,-0.00444503,-0.00858042,-0.0195022,-0.0263124,-0.00872126,-0.0278933,0.00751122,-0.00284185,0.00100645,-0.00824287,0.0175779,0.00490229,-0.0134069,-0.00486888,-0.00128465,0.00445651,-0.0162745,0.0156342,0.00902919,-0.00249648,-0.00924585,0.00938252,0.00225974,0.0267237,0.00220745,0.00483872,0.00814506,0.0100746,-0.00288357,0.0163658,0.00306708,0.0245006,0.0253247,3.48144e-05,0.0177596,0.00496141,0.00136733,-0.00117256,0.000547637,-0.0250338,-0.00598848,0.00158793,-0.000483459,-0.000220371,0.000900115,-0.0257244,0.00361807,-0.0115263,-0.01036,-0.00589498,-0.0324264,0.0165241,-0.03606,-0.0178067,-0.00389024,0.00731942,-0.0273895,-0.0353667,-0.00960094,0.00973103,-0.00902347,-0.0188545,0.00483757,-0.0253041,-0.0239624,-0.00443757,-0.0316457,-0.0398873,-0.00476541,0.00684174,-0.0351247,-0.0367148,0.0157072,-0.028365,0.00735604,-0.0204992,-0.0400957,-0.0129806,-0.00885472,-0.00712885,-0.0273584,-0.0189826,-0.00510926,-0.00224557,-0.00776653,0.0093047,0.00568262,-0.012649,0.00232609,0.00170058,-0.023577,-0.0244365,0.00376973,0.00144908,-0.0163262,-0.00725003,0.0098863,-0.00043936,5.72055e-05,0.000972395,-0.00347537,-0.00254668,0.0208659,0.00391505,-0.00465186,0.0123258,0.012893,-0.00461673,0.0289443,0.00500297,0.00937402,0.0218464,-0.00291632,-0.00454544,0.0197087,-0.0048473,-0.00510358,-0.00930296,-0.00033363,-0.0297763,-0.0202766,-0.00100693,-0.0104429,0.00809861,-0.013997,-0.0239876,-0.0195717,-0.00186442,0.00235615,0.00418841,0.0133633,-0.0329012,-0.0317284,-0.0217599,-0.0100117,-0.0136979,-0.0301337,-0.0283125,-0.0279222,-0.0447621,-0.0106269,-0.0364163,-0.00721597,-0.0159278,-0.0364538,-0.0187931,-0.0226645,0.00491188,-0.0320721,-0.0296547,-0.0143728,-0.0176624,-0.016044,-0.0138869,0.00240876,-0.0266999,-0.0128504,0.00128966,0.0122756,0.00678259,-4.13932e-05,-0.00357363,-0.0211035,-0.00395626,-0.0119779,0.00319056,-0.0230073,0.000439209,-0.000706005,0.00284806,0.025509,-0.0010895,-0.0100862,-0.00554427,-0.0096843,0.01248,0.0104418,0.000395119,-0.00525387,-0.014926,-0.00023191,0.018923,0.0110219,0.0023941,0.00558245,-0.00074072,0.000146289,0.0332311,-0.0030952,-0.0370472,0.0136918,-0.00622178,0.0236172,0.0268239,-0.00434094,-0.000509647,-0.00146533,0.00455303,-0.00325075,-0.021599,-0.00416654,0.0115439,-0.00212139,-0.0063835,-0.00557915,-0.0093694,0.0178272,0.00559886,-0.00465994,0.0117259,0.00214603,0.00456216,0.0140986,-0.0299851,0.0216199,0.00393213,-0.0112865,-0.0168502,0.00508042,-0.00510949,0.00741949,-0.0259203,0.000532542,-0.0439401,-0.0139225,-0.0164092,-0.0139683,0.0237267,0.0046517,-0.02138,-0.00952541,0.00652566,-0.00460623,0.00539295,0.0100535,-0.0231752,-0.0283069,0.0119797,0.0132053,-0.0130617,0.00294468,0.0025575,0.00625141,-0.00127497,-0.0101976,-0.00553893,0.00247357,-0.00225854,0.00438288,0.0208673,-0.0250776,0.00956012,0.0062018,-0.0204738,0.0174359,0.00849393,-0.0103913,0.0143174,0.000397581,-0.00226629,0.0114526,0.00169202,0.00669739,0.0732501,0.00871662,0.00660299,0.0206724,-0.00527145,0.0274671,0.0162144,0.00591259,0.0222244,0.00832175,0.00187755,-0.00337078,0.0204575,0.0143184,0.0118643,-0.00752584,0.019978,-0.00894569,-0.00211131,0.0161988,0.00018775,0.0121029,0.00965131,-9.12588e-05,0.00580885,0.00122425,0.0136132,-0.032407,-0.00694916,0.00706134,-0.000818513,-0.000129367,0.00694282,-0.00248597,-0.00944707,-0.0218686,-0.00129282,0.00820338,-0.0156153,-0.0122199,-0.000746261,0.00397804,-0.027171,-0.0400382,-0.00786598,-0.0296673,-0.0173221,-0.0370184,-0.011371,-0.0242369,-0.0120223,-0.012332,-0.00908076,0.00694805,-0.00486701,0.00939924,-0.00812117,-0.0140102,0.0100727,-0.0235338,-0.0164474,-0.00715643,-0.0104487,0.00442313,-0.00287579,0.00264779,-0.00822936,-0.00830826,0.00768587,-0.0183066,-0.00439488,0.0256958,-0.0206705,0.00532966,0.00602915,-0.00872332,-0.00106289,-0.00399788,-0.0103194,0.00315245,-0.00181519,0.00121948,0.0234993,0.0202711,0.00518975,0.00093589,0.012636,0.00725996,-0.0149251,-0.00107563,-0.0158265,0.00495898,0.00951708,0.000821511,-0.00670156,0.000735006,0.00285171,0.00607904,0.00328869,-0.000328565,-6.18586e-05,0.000490007,0.00392115,-0.00622897,-0.0106088,0.000950609,-0.000778732,0.0070097,-0.00197013,-0.0214974,-0.0232857,-0.0235692,-0.00351571,7.92563e-05,0.0148576,0.00458804,0.00171819,-0.00796273,-0.0202335,-0.0273521,-0.0528207,0.010596,-0.0173597,-0.0210635,-0.0164082,-0.0427732,-0.0232651,-0.00948269,-0.000381553,-0.000192321,-0.017307,-0.026717,-0.029911,0.00308585,-0.0282671,-0.048062,-0.00265744,-0.00182267,-0.027917,-0.00954055,-0.0230216,-0.0464155,-0.012125,0.00162246,-0.0263907,-0.00282805,-0.000265604,-0.0120648,-0.0226297,-0.00123611,0.000674792,-0.000886375,-0.010546,-0.00244142,0.00755363,0.00763105,-0.00254304,0.00152734,-0.00111838,0.000960211,-0.0010248,0.00152794,-0.00462052,-0.0111058,0.00739208,-0.00898679,-0.00236495,0.00177545,0.0218432,0.0144852,-0.0202442,0.0370684,0.0262989,-0.000101273,0.00652433,0.00931525,-0.00282877,0.0093476,0.0112264,0.00639766,0.0293008,0.00278004,0.00361799,-0.000548518,0.00581508,0.00167737,-0.00137961,-0.0105086,0.01989,0.016476,-0.00441149,0.00705805,0.0124152,-0.00457886,-0.0143625,-0.0112175,-0.00631651,0.00139797,0.00727217,-0.0213271,-0.031039,0.0166053,-0.0184925,-0.00820156,0.0198166,-0.0434667,-0.0260391,-0.0196353,-0.0189688,-0.00860004,-0.0296718,-0.0332467,-0.0290143,-0.0232927,-0.0186877,-0.00907578,0.00131676,-0.00030815,-0.0131462,0.00472929,-0.00624372,-0.00701554,-0.00787699,-0.0220779,0.010697,-0.0464391,-0.0156422,0.00357448,-0.038804,-0.00380131,-0.00238093,-0.02407,-0.00957186,-0.0328511,-0.0286068,0.0075999,-0.00809647,0.00791133,0.00678505,0.00127576,-0.00671999,-0.020997,0.00225378,0.0124109,0.00916726,-0.0165276,0.00338254,-0.00898871,-0.0134344,0.00309227,-0.00124185,7.92841e-05,0.0024779,-0.00248507,0.00398521,0.0146986,-0.00265809,0.0209078,0.0125047,-0.00785304,-0.0145866,-0.00433873,0.0263916,-0.00174077,0.0297746,0.0306418,0.0211675,-0.00912626,-0.0163656,0.0125063,0.00217409,0.0155053,-0.00897237,-0.0165812,0.00836083,-0.00741367,0.00845254,-0.00237958,-0.00585859,0.00321174,-0.0133743,0.00294156,0.00557731,0.0251288,-0.00231834,-0.018851,-0.0183709,-0.0168424,-0.0113811,-0.0178055,-0.00112901,-0.00425721,-0.0137877,-0.0073576,-0.0134214,0.0115949,-0.0309548,-0.0126196,0.00238881,-0.0399174,0.00853544,-0.0376656,-0.0114381,-0.0387635,-0.0361416,0.00694553,-0.00227182,-0.0196852,0.020889,0.00247539,-0.0141352,0.0122343,-0.0256896,-0.0238481,0.0137131,-0.0101351,0.0096089,0.0106494,-0.0185069,-0.0279903,0.0104968,0.0051299,-0.00732762,-0.019081,0.0196587,-0.00532082,-0.0065396,-0.0267007,-0.00136719,0.00720003,-0.00145764,0.000736088,0.00556494,0.000667928,0.0135028,-0.00497719,0.0147608,0.00754882,0.00153431,0.0157022,0.00795029,0.0135909,0.0215318,0.00485235,-0.000466204,0.0217475,0.0373197,0.00476058,0.00375435,-0.0109402,-0.0219604,0.000601382,0.000699998,-0.00190642,0.0204634,-0.0226975,-0.00951747,0.00933654,-0.00293396,0.00724729,5.07572e-05,-0.00778594,-0.00673863,0.00341045,0.0040798,0.00559737,0.0015369,0.00193263,-0.0119776,0.00708118,-0.0196325,-0.00573257,-0.0390142,-0.0376788,0.00179935,-0.0344509,0.00115427,-0.00654669,-0.00726943,-0.00414634,-0.0243697,-0.0100404,-0.0186121,-0.02202,-0.010134,-0.0145372,-0.00646883,-0.00263724,-0.0228703,-0.00208502,-0.0138705,-0.00495528,-0.0135447,0.00445145,-0.0221118,-0.0119021,0.0063728,0.00645454,-0.0234053,0.00298234,-0.00223155,0.00233851,-0.00515583,-0.0107672,0.0177449,0.0125689,-0.0128523,-0.00274139,-0.00129698,0.00511869,0.00565798,0.00947352,0.000758717,-0.0238644,0.00537782,0.000965551,0.0303434,-0.00645545,0.0192296,0.00940626,-0.00131037,3.18568e-05,0.000975974,-0.00264331,0.0102084,0.0134582,0.00139478,0.00740583,-0.00149575,0.00203599,-0.0124691,-0.000713464,0.00653968,0.00950081,0.0119636,0.00791764,-0.0114196,-0.0172167,0.00769987,-0.00581031,0.00691608,0.00754405,0.00835653,-0.0200798,0.00189647,0.0184753,-0.0117672,-0.0111781,0.00417366,-0.00264645,0.00447559,-0.0449564,-0.0192293,-0.0348901,-0.0270806,-0.00522229,-0.00270378,0.00970404,-0.0167552,0.00434387,-0.0332397,-0.0606353,0.00230406,-0.0107389,-0.00706601,-0.01045,-0.0158778,-0.0071998,-0.0399053,-0.0291201,0.00942697,-0.0169909,-0.024547,0.0017113,-0.0151068,0.00683031,-0.0221935,-0.0441556,-0.0120198,-0.00830983,-0.0220988,-0.00145763,0.00892894,-0.0209333,-0.0209469,0.00175676,0.00843304,0.00833808,0.015395,-0.00370615,0.012431,0.00158224,0.0106711,0.00173635,-0.00312266,0.0164683,0.0185523,-0.00534702,0.00814687,-0.00079053,0.00285053,0.00349415,0.00976977,0.018374,0.00644421,-0.0089564,0.00161641,0.00437894,-0.00208622,0.00137107,-0.00104163,0.000908145,-0.00105135,0.00174376,-0.00643478,-0.00898389,0.0158841,0.00408024,0.00378449,0.0310349,-0.00913322,0.0201086,0.000146837,-0.0183937,-0.00458197,-0.00658997,-0.0163434,-0.0327354,-0.0249825,-0.015112,0.000282987,-0.0273265,-0.012981,-0.000937205,0.0018608,-0.0172111,-0.00296988,-0.00990053,-0.00297013,-0.0362199,-0.0398465,-0.0145904,0.00646057,-0.0184835,-0.00283076,-0.00220124,-0.0109551,-0.001341,-0.0310846,-0.0369325,-0.0325055,-0.011485,0.000933738,0.00196151,-0.0101979,-0.011682,-0.00409158,-0.0496688,-0.0166194,-0.00377045,-0.00961748,0.00421369,-0.0285309,-0.0308176,-0.019463,-0.00231823,0.00226037,-0.0302105,-0.00156716,-0.0176512,-0.0122506,-0.0163338,-0.0337009,-0.00196419,-0.000998231,0.00250408,0.00416285,0.00128079,-0.0107483,-0.00122915,0.00847614,0.00937937,-0.00216794,0.0056466,-0.0126788,0.00588638,-0.00604662,-0.00199413,-0.00314015,-0.00549023,0.026859,-0.0153316,-0.0141741,-0.00811442,-0.00381151,-0.0016905,-0.00342504,0.0248542,0.0241199,-0.0069457,0.0053006,0.0140436,0.00102785,-0.00495795,0.0182853,-0.00945631,0.00582754,-0.0183531,0.00172796,0.00587246,-0.0167098,-0.0144187,0.00931985,-0.00107024,-0.000395203,0.000618978,-0.0509597,-0.0212557,-0.00896715,-0.00177682,-0.00565747,-0.00970287,-0.019975,-0.0130348,-0.0051033,-0.000663681,0.00687788,-0.0016373,-0.000398121,-0.0193604,0.00320061,-0.0407019,-0.00995245,0.00221723,-0.0139287,-0.0154077,-0.0220215,-0.0200811,0.0260833,-0.00463822,0.00807905,0.00230577,0.0121397,-0.00726943,-0.0219707,0.0137708,0.0206399,-0.011271,-0.0118182,0.0180488,-0.00918917,-0.0276414,0.0081116,0.00107339,-0.012242,0.00246579,-0.00312249,0.00674254,0.0111668,-0.00224264,-0.00640784,0.0251733,0.0140677,-0.0134375,0.0105098,0.0021795,0.00279295,-0.000164282,0.00763387,-0.00509477,0.0157615,-0.00428369,0.0246759,0.015351,0.0062224,0.00982305,0.00215497,0.00841421,-0.0152418,0.00106357,-0.00471966,0.0138006,0.00635122,-0.00410873,0.00752895,0.0199534,0.0299952,-0.00742008,0.00908928,0.0211131,-0.0106517,-0.0118074,-0.00825766,-0.00434845,0.00313839,-0.0154198,0.0179673,-0.0132971,-0.0383303,0.000372933,-0.00120552,0.00142705,-0.00186036,0.00313828,0.00924153,0.00842683,0.0119204,-0.0040375,-0.0297166,-0.00302125,0.00813234,-0.00869879,-0.0162407,-0.0127006,-0.014385,0.00136971,0.000678344,-0.00253777,0.00552573,-0.0167648,-0.0117854,-0.00623878,-0.00460977,-0.0166908,0.00518873,0.00760055,-0.0290438,-0.00180405,-0.0176206,-0.00895586,-0.000796084,0.00690031,0.0189955,0.00473634,0.00205195,-0.00081037,0.000278797,0.000516945,-0.0111605,0.00452276,-0.00667375,0.00976863,-0.00968912,-0.00739393,0.0044639,0.00184503,0.0159849,0.0143581,-0.0162918,-0.00633356,-0.000332139,0.0012004,-0.00225328,0.00763257,0.00481264,0.0144553,0.0229073,-0.00103574,0.000466867,0.000523695,-0.00185599,0.00627764,-0.0242747,0.00875945,0.016101,0.0177707,-0.00660609,-0.0115735,-0.00030395,0.00826605,-0.023913,-0.0168393,-0.00482989,-0.0139374,0.0154738,-0.00187625,-0.00447257,0.00452496,0.0175361,-0.0154185,-0.0339608,0.0127907,-0.0267181,-0.0192758,-0.0148829,-0.0393563,-0.0207814,-0.0294983,0.0105547,-0.0180965,-0.022901,-0.0060235,-0.0419399,-0.0242449,-0.0472804,-0.0394029,-0.0248819,0.00942382,-0.0251714,-0.00309986,-0.00474896,-0.0229295,0.00514314,0.00293709,-0.0291353,-0.000974183,-0.0291606,-0.0221737,-0.0253568,0.00467284,-0.00091378,-0.0457042,-0.00683678,0.00691757,-0.0176917,0.00260085,0.00768455,-0.0127204,-0.0186271,-0.016141,0.0241756,-0.00582177,-0.0409945,-0.0207648,0.00657064,-0.0208837,0.00403124,0.00153298,0.00887523,0.00548452,-0.0051858,-0.00995677,0.00187698,-0.00162344,-0.00505175,-0.000663023,0.00682389,0.0110935,-0.0100492,-0.029577,0.0274379,0.000733157,0.00181865,0.00609033,-0.00528436,-0.00270204,0.000183095,0.000464195,-0.000967911,0.0109534,-0.00182165,-0.0393309,0.00394079,-0.0141464,0.00855333,-0.0199273,0.00396927,0.00376724,-0.0199576,0.0085305,-0.0118204,0.0054336,-0.0107938,-0.010631,-0.00821988,-0.0245309,-0.00618806,0.00302047,-0.00343923,-0.0121572,-0.00664438,-0.00483043,-0.0289158,0.00322294,-0.0330714,-0.0444681,-0.0318317,-0.0102545,-0.0169289,-0.0119209,-0.0185445,-0.0219946,-0.0237795,-0.0362223,0.00569742,-0.00759179,-0.0202152,0.00178141,0.00574471,0.00596988,0.0080669,-0.0155588,-0.0169217,-0.0260177,0.00412101,-0.00197006,-0.0346951,0.0110633,-0.0255628,-0.00360377,-0.00326011,-0.0259983,0.0121237,-0.0132337,-0.00808627,0.000150743,-0.00873514,-0.0211707,-0.028022,-0.009806,0.00203604,0.00768005,0.0124034,0.00155429,-0.0060193,-0.0243818,-0.00133806,0.00407493,0.0151549,-0.00116038,0.00159501,-0.00727937,-0.0339239,0.0247299,0.0181087,-0.00420567,0.00305734,0.0206264,0.00781345,-0.00147891,0.00474971,-0.0188598,-0.0105799,0.00275079,0.00326418,0.0265104,-0.000846183,0.0187486,-0.00165688,-0.0444798,0.00448277,-0.019011,-0.0062368,0.000178327,0.00350941,-0.0295242,-0.0333863,-0.000206903,-0.0198689,-0.0190429,0.00206578,-0.0256099,-0.0345136,0.00590449,-0.0173629,-0.00161168,0.00318447,-0.00892741,-0.0246318,-0.0422846,-0.00871235,-0.0085226,-0.0160694,-0.0276446,-0.00957743,0.0057489,-0.0362735,-0.00379545,0.00096439,0.00936455,0.0248006,-0.016462,-0.00960619,0.00886886,-0.0242792,-0.0109423,0.0110154,0.005026,-0.0259593,-0.000900914,0.0142823,0.00366368,-0.0244878,0.00137941,-0.00268286,0.00494718,-0.0135433,-0.0157633,-0.0293652,0.00307424,0.00370149,0.00375127,-0.00957696,-0.00586549,0.0142236,-0.00193785,0.0134109,0.021514,-0.00258593,-0.016914,-0.00904799,0.0128134,0.0182099,0.00558474,0.0121386,0.00305861,0.00581659,0.00987763,0.00912916,0.0103994,0.0035722,0.00658227,-0.0240953,-0.00873437,-0.00193808,-0.00796251,-0.0134641,0.00939941,-0.00499067,0.0050496,-0.0208186,0.00239484,0.00017803,-0.0263953,0.0234344,0.00737075,-0.00120806,0.00640355,-0.000369581,0.00215491,0.00715821,0.00138089,0.00550757,-0.00149416,-0.0264807,-0.00476158,-0.00735302,0.00763791,-0.000567424,0.00357958,0.00655706,-0.0291384,-0.0120706,-0.000434291,-0.00671067,-0.000329519,-0.0196186,-0.0069563,-0.0435532,-0.00749826,0.00300335,-0.029938,-0.00908605,0.00310532,-0.0362701,-0.00728512,-0.00227146,-0.00236798,0.0218033,-0.0160873,-0.00378738,-0.00996332,-0.00259886,0.0072559,0.000977259,0.00884138,-0.00283101,0.00566837,-0.000291784,-0.00551663,-0.0148583,0.00829022,0.0311714,0.00690381,-0.0247509,0.0160072,0.00856398,-0.00145963,0.019566,0.00953438,0.00132928,0.00669373,0.014533,-0.00272066,0.00835337,-0.00303622,0.0031352,-0.00432774,0.0111695,-0.000273503,-0.0201685,0.0189972,0.0244465,-0.00379879,-0.00955027,0.00313731,0.0067793,-0.0399918,-0.0197559,-0.00324694,-0.00730122,-0.0117209,-0.0201894,-0.0022115,-0.00315775,0.00484824,-0.0125608,-0.0120751,-0.0212402,-0.00522598,-0.0107609,0.000886479,-0.00883431,-0.01085,-0.0262059,-0.0198194,0.00649509,-0.00373937,0.0123909,-0.0145318,-0.018045,-0.013953,-0.00850807,-0.0281188,-0.00248602,-0.006183,0.0153538,-0.00219395,-0.00812172,-0.0195326,-0.0132791,-0.0276476,-0.0163328,0.00408736,-0.0205914,-0.00798991,-0.0494858,-0.0179305,-0.0121318,-0.00968289,0.000752556,-0.0132463,-0.0373687,-0.0141463,-0.0254361,0.00458772,-0.0480758,0.00438875,0.00149585,0.00709922,-0.0178622,-0.00207095,0.000510803,0.000294263,-0.00127078,0.00430377,0.0174631,-0.00518442,0.00550407,0.0145667,-0.0158137,-0.00616238,0.00592528,0.0188762,-0.00104492,0.010834,0.0366517,0.000818833,0.0136411,0.0277169,0.000966731,-0.0221862,-0.00989351,0.014745,-0.00453602,0.000998216,0.00217064,-0.00861549,0.00839021,0.000503447,-0.0106142,0.0146999,-0.00341502,-0.0132764,0.0334328,0.0135956,-0.0160933,0.00537517,-0.00379932,0.0140865,0.0170143,0.00124068,-0.0158445,-0.0128227,-0.00270774,0.0111692,0.0166856,-0.0266149,-0.00614879,-0.0070127,-0.0186994,-0.0184269,0.00420344,-0.0153585,-0.010337,-0.0213511,-0.0429924,-0.0173402,-0.0203205,-0.00847088,0.00573398,-0.0164539,-0.022038,-0.0238727,-0.0104009,-0.0196792,-0.00687239,-0.0315722,-0.0382794,-0.0407373,-0.0260439,0.00087895,-0.00231315,0.00513971,0.00766279,-0.0170824,-0.00300417,-0.0251648,-0.00455884,0.0094569,-0.0304526,-0.013179,-0.00333941,-0.0186129,-0.0270905,0.0101216,-0.0061118,0.0184997,0.0136688,-0.0185889,-0.0135614,0.00889307,0.00631354,0.0109971,0.0193877,0.0131042,-0.00909771,-0.0122721,0.00689783,0.01183,0.02053,-0.0233714,-0.003317,0.00409655,-0.00466952,0.0259656,-0.00594284,-0.024403,0.0117678,-0.0136183,0.000229196,-0.0220303,-0.0145166,0.00551457,0.00581442,0.00613735,-0.00378143,0.00439873,-0.0166673,0.00224417,-0.0104239,-0.00229709,0.00105896,-0.000670346,0.00243884,-0.00248522,-0.0226523,-0.00698868,-0.0158708,-0.0162477,-0.00388074,0.000519671,-0.000492565,0.00057405,-0.027474,-0.0303881,-0.00975005,-0.0297301,0.00254761,-0.00187344,0.00120606,-0.0257124,-0.0052492,0.00064916,0.00151929,-0.0273593,-0.0063637,0.00621271,0.00114535,-0.0144788,-0.017728,-0.0176286,-0.00203006,-0.0257963,-0.00780596,-0.0182618,-0.0308834,-0.0137832,0.000375174,-0.000557625,0.00579477,0.000754727,-9.77456e-05,-0.000319042,0.000812521,-0.00144066,0.00240469,-0.00426565,0.0147435,-0.00855143,-0.00681761,0.00506198,-0.0085415,0.00115598,0.00172252,0.00633747,0.00633966,0.00653523,-0.0188321,0.00340253,0.020116,0.00858328,-0.00509376,-0.00102146,-0.00649722,-0.00413104,0.0136337,-0.00262567,0.00260399,-0.00403141,0.0094019,0.0260936,-0.0164517,0.00898828,0.0108747,-0.00682658,0.0100136,0.0112653,-0.0192051,0.00633536,-0.00313656,0.00118239,-0.0233904,-0.00296584,-0.00670007,0.00254009,0.00308617,-0.0126998,-0.0247546,-0.00641039,-0.000196779,-0.00212024,-0.00848021,0.0204265,-0.00688461,-0.00346282,-0.0226249,-0.0220459,-0.0252176,0.000323129,-0.00873067,-0.011492,-0.0222343,9.70629e-05,-0.00850043,-0.00276164,-0.0178765,-0.00699933,-0.00732441,-0.0287184,9.85437e-05,-0.0218944,-0.00518496,-0.0180136,-0.015762,0.0236666,-0.0130568,-0.00146944,-0.00669821,0.00291459,0.0078659,0.00278731,0.00126212,0.00836525,-0.0150876,-0.0165148,0.0109213,-0.00671495,-0.0113021,0.0020871,-0.0100184,0.00290997,0.00356474,0.0158712,0.0138425,0.00874918,0.0054423
1784907954.283,0.0114257,0.0016857,-0.00447158,-0.00291109,-0.0163018,-0.000711235,-0.0161889,0.000733746,4.98849e-05,-0.0260778,-0.0206379,-0.0154321,-0.00332498,-0.0260798,0.0077092,0.00934622,-0.00660144,0.0111318,0.00229185,-0.0087942,0.0194904,-0.00672477,-0.0275498,0.00261856,-0.00669206,-0.0153707,-0.018119,0.0137093,-0.0341561,-0.0153675,-0.00991275,-0.0112708,-0.0136949,-0.0155403,-0.00354076,-0.0223666,-0.00554207,-0.0053398,-0.0147586,0.0061842,-0.00323689,0.0113898,-0.0318183,-0.00712463,-0.00507189,-0.029434,0.00521714,-0.00329994,-0.0102292,0.0149877,0.017815,-0.0260324,-0.0110479,0.021616,0.00178981,0.0117202,0.0123051,0.00681183,0.00414344,0.00165033,0.0070081,-0.000906849,0.0115641,0.0111073,-0.00363432,0.0139862,0.00518619,0.00955927,0.0117394,-0.0028728,-0.00223086,-0.0122829,0.00566561,-0.00227781,0.00081542,0.0065738,-0.009417,-0.013869,-0.00950806,0.00949977,0.00149367,0.0118945,0.0105754,-0.00624644,-0.00769843,-0.0224565,-0.0053003,0.0130397,-0.00952871,-0.0207763,0.019318,0.00290885,-0.0199569,-0.00243282,-0.0246639,-0.0196329,0.0135979,-0.00789074,-0.0100039,-0.00841082,-0.012262,0.00275992,-0.0119108,-0.0369364,-0.0397566,-0.00431131,-0.0299483,-0.0185588,-0.00426499,-0.00992387,0.017624,0.0190804,-0.0145976,-0.00152434,0.01232,-0.00186075,-0.00160079,0.0099299,-0.024366,-0.0101046,0.0124252,-0.0462435,0.0185726,-0.000918281,-0.0142079,0.0192526,0.0129104,-0.00470955,0.0109602,0.0123327,0.0156503,0.0124618,-0.0151805,-0.0096203,0.012946,-0.00293227,0.00771714,0.0123401,0.000910618,0.0130879,-0.00722831,-0.00958416,0.0057791,0.0118863,0.0243971,0.0105951,-0.00512684,-0.00952711,0.00322197,-0.0112392,0.0289417,0.00281738,0.0011417,-0.000366811,-0.0218927,0.00656329,-0.0245083,-0.0186453,0.00814847,0.0229308,-0.00324983,0.00915382,-0.0275519,-0.0154088,0.00871337,-0.0270707,-0.0135789,-0.00610105,-0.00405863,0.0109783,0.00312832,-0.0148184,-0.00146896,-0.0159134,-0.0174731,0.00823017,-0.0194914,-0.00224967,0.000418496,-0.0465734,-0.00122681,-0.00199548,-0.0111569,0.000602621,0.0029528,-0.0128648,-0.00457531,0.00860039,-0.0203611,-0.0398459,-0.0102219,-0.00249411,0.00286253,-0.0131018,-0.00011434,-0.000298959,0.0143894,-0.0141213,-0.0156442,0.00539068,-0.021381,0.00372566,-0.00405489,-0.0420975,-0.0148447,0.00294273,-0.0186052,-0.00118067,-0.0470473,-0.00924516,-0.0293005,2.55692e-05,-0.000218464,0.00114505,0.0039283,-0.0112662,-0.00458155,0.00338802,0.00747309,0.0192639,-0.00954085,0.00945612,5.65944e-05,-0.00726763,-0.0270952,0.0210011,-0.00755406,0.00265653,-0.000472336,0.00716944,-0.00283971,0.00271812,-0.00353692,0.00689447,0.0139723,0.00648207,-0.0122212,-0.0207527,-0.000463194,-0.0281837,0.0157434,-0.0129426,-0.0131868,0.00635164,-0.00157602,-0.000623724,0.00321859,-0.0118476,-0.00944367,-0.00529346,-0.00792138,0.00358698,0.00845901,0.0134241,-0.0195168,0.00483213,-0.00224601,-0.00899391,0.0170062,-0.00392632,-0.00910059,-0.00257472,0.0046438,0.003256,-0.000937914,0.000553443,-0.000401038,0.000327921,-0.00029588,0.000442948,-0.00230353,-0.0259861,-0.00926726,0.00390137,0.0253924,0.00179645,0.0013649,-0.00671021,-0.00858028,0.00407422,-0.0300772,-0.00949814,0.0306776,0.00386828,-0.00750547,-0.00136847,-0.00357732,-0.00440415,0.00543504,-0.0162028,0.0200553,-0.00120904,0.019102,-0.00478288,-0.0167587,0.00358949,-0.00170052,0.00782271,0.00208919,0.00563499,-0.0100898,0.00529078,0.0212406,0.0126778,0.0104644,0.0193862,0.0229558,-0.000153879,0.00770775,0.00249069,0.00708894,-0.00117339,0.017621,0.00306,0.0220723,0.0347946,-0.0210154,-0.00306552,0.0112259,0.0164024,0.0036012,-0.000461335,0.00664428,-0.0013677,0.00113191,-0.00154798,0.00637625,0.0239129,-0.0100064,-0.00216338,0.00165341,-0.00274391,-0.0174138,0.00332565,0.0293224,0.0418645,-0.00919173,-0.0134917,-0.0112386,0.00465095,-0.00700931,-0.0289362,-0.00253677,0.00105451,-0.00101845,-0.0166357,-0.00188033,0.00315052,-0.00745648,-0.0208975,-0.0265621,-0.000809835,-0.0205718,-0.0128935,0.00961997,0.00831055,-0.0118536,-0.0128458,0.00646366,-0.0345494,-0.0125635,0.0061408,-0.00968711,-0.00606434,0.0011426,0.000383034,-0.00922328,-0.0308888,0.00941015,0.00753617,-0.0021273,0.00513584,0.00334422,-0.00593455,-0.0127268,0.00848705,-0.0145782,0.00373952,0.0114482,-0.0161862,-0.013601,0.00329422,-0.00308765,0.00507799,0.00887084,-0.0108488,-0.0148668,-0.00666641,0.0133992,0.00139123,0.00398333,0.0075497,0.012396,-0.000298703,-0.00179883,0.0293416,-0.00808901,0.00439481,0.0170665,-0.0161172,0.00246158,0.0104402,0.00328809,0.000766318,-0.000651992,0.000398319,0.00338797,0.00507107,-0.0166889,-0.010781,0.00037394,0.00925684,0.00771047,0.0325741,-0.000987422,-0.0221082,-0.00154518,0.00675946,-0.00447322,-0.0179304,0.0148462,-0.00291399,-0.00470684,-0.0115216,-0.00734891,0.000285212,-0.0137725,-0.00335035,0.00138002,-0.0282638,-0.00264989,-0.0441511,-0.00568181,0.00467694,0.00819024,-0.0126404,-0.0119512,0.018467,-0.00462746,0.00247475,-0.000117091,0.00766666,-0.0245903,-0.0112486,-0.037505,-0.0228784,-0.0117888,0.0167271,0.0128045,-0.023079,-0.0177755,-0.0117712,-0.0155899,0.00257423,-0.0114278,-0.0160077,-0.0112829,0.0331556,-0.0093759,-0.0246691,-0.0180238,-0.0128675,0.0164479,0.0108606,-0.000551247,-0.0099222,0.00632488,0.0103523,9.58489e-05,0.00749825,-0.00656139,-0.00825854,0.02278,-0.00904336,0.0248245,0.0251044,-0.00484616,0.00308596,-0.00252881,0.00247115,-0.00206457,0.0161533,-0.0164533,-0.00701936,0.0102437,0.020975,0.000610959,0.00154579,-0.00642354,-0.0214505,0.00232535,-0.00808437,0.00618328,0.00266632,-0.000923582,0.00113569,-0.00176965,0.00292811,-0.00232394,-0.0190137,-0.0166418,0.00246308,-0.0114442,-0.00892895,0.0155044,-0.00540765,0.00407437,-0.00377151,-0.008582,-0.0183966,-0.00626394,0.00507221,0.00946129,0.0215425,-0.0239669,-0.0271138,0.00805731,-0.000440577,0.0029188,0.0142756,0.00291551,-0.0106948,0.0143862,0.00971711,-0.00598081,0.0335718,-0.00447604,-0.037594,0.0113593,-0.0258679,0.00544483,-0.00243978,-0.0283777,-0.0427863,-0.0031487,0.0063749,-0.0124073,-0.00433796,-0.020071,-0.00546095,0.0152733,-0.00333126,-0.0194273,-0.00375441,0.0190443,0.00857655,-0.00523563,0.0202133,0.0188548,0.012306,-0.0251262,0.000759298,-0.00262088,-0.0101123,0.0121357,-0.000964544,0.0279753,0.0171018,-0.0119875,-0.0104862,-0.00152429,0.0139041,0.00681868,0.00727844,-0.000758569,0.00148637,-0.00300936,-0.016478,-0.00157005,-0.0202499,-0.0057375,0.0119228,-0.00231254,0.000571702,0.00565148,0.0177464,0.000468973,0.0141841,-0.00476822,0.0018598,-0.00202899,-0.0062047,-0.0156542,0.00143325,-0.00178152,-0.00857591,-0.0136469,-0.00982011,0.0282905,-0.00245919,0.00304073,-0.00486246,-0.0215258,0.00500544,0.00488867,-0.0054748,-0.00797382,-0.00640845,-0.0163742,0.00398988,-0.0160482,-0.00851308,-0.00901222,0.00535872,-0.00485554,0.0121453,-0.019974,0.00405553,-0.00244776,-0.0022387,0.0106906,0.00734477,-0.0128728,-0.00846923,0.0186127,-0.00189699,-0.0104987,0.00330278,-0.00223037,0.00205118,-0.038496,0.0108744,0.00546224,0.00630031,0.00987548,-0.00124055,-0.000410137,0.00527857,0.0112126,-0.0160455,-0.00210876,0.00800578,0.00688352,-0.000878691,0.0115555,0.00513466,0.0115156,0.0249063,0.00178476,0.0309204,-0.00657292,0.0118769,0.0426648,0.00980608,-0.00332138,0.00907661,0.0339283,0.000607664,0.0108245,0.0160665,-0.000330721,0.00491466,-0.0124409,0.0244618,-0.00378829,0.00145082,0.011719,0.00262029,-0.000234326,-0.00117504,0.00555114,0.0259049,-0.00547288,-0.0112468,0.0171582,0.00313349,-0.0140482,0.00819799,-0.0338932,-0.00669037,0.0116679,0.00297989,-0.0114444,-0.00576829,0.00426015,0.0177413,-0.000671128,-0.0408619,-0.00101278,-0.0133938,-0.0363159,-0.00378603,0.0060327,-0.0108149,-0.00306345,0.00283774,-0.00152299,6.80858e-05,0.0309433,-0.0247517,-0.00726461,0.000867704,0.00279635,0.00435753,-0.00154509,-0.0110917,-0.000464364,0.000190933,5.38062e-05,-0.000413536,0.00115821,-0.00883142,0.00761977,0.00864574,-0.0345128,-0.00380612,-0.00399998,-0.00300038,0.0165217,0.00520123,-0.00842914,-0.00469832,0.00585705,-0.00866464,0.00985659,-0.00438157,0.00407361,0.00213709,0.0141394,-0.00772087,-0.00663785,0.00701149,0.0195997,0.00639179,-0.00182512,-0.0110443,-0.000924746,-0.0329762,-0.0206737,0.000804441,-0.000432245,3.69216e-05,0.0014877,0.0312451,0.00590627,-0.00886684,0.00498085,-0.0173405,0.00224468,0.00412575,0.00794911,-0.0128659,-0.0206709,0.00213944,0.00312704,-0.0205467,-0.000754545,-0.000825274,0.00848282,0.012248,-0.0150242,0.00200994,-0.0215969,-0.0134651,0.0143342,0.00030865,0.00659562,0.00954077,-0.0289494,0.00362662,-0.00119849,-0.00109907,0.00736641,0.00896568,-0.0427188,0.00207426,-0.0275949,-0.0281798,0.00752192,-0.0167077,-0.0111733,-0.00843691,-0.0152695,-0.0113447,-0.0128469,-0.0045857,-0.0175305,-0.00451967,0.00449964,-0.00348955,0.00594459,-0.0222664,-0.0455081,0.0106082,0.000384609,-0.0172438,-0.00785603,-0.00481498,-0.00379959,0.00474323,-0.0150364,0.00309475,-0.00882582,-0.0263612,0.0160275,0.00668283,-0.000891492,0.0131778,-0.00248062,0.00186132,-0.00206035,0.00633495,0.000481867,0.00252157,0.0094053,-0.0133856,-0.0116501,0.00933552,-0.00423847,-0.00321528,-0.00169399,0.00746059,0.0124711,0.000188489,0.00568663,0.000541247,0.00733552,0.0260226,-0.00797103,0.00407262,0.0200388,-0.0124667,0.0115182,-0.00761176,-0.0408751,0.00300067,0.00977158,-0.00947847,-0.0537583,-0.0235966,-0.00398232,-0.0117496,0.0153065,-0.00963455,-0.0050597,-0.0246089,-0.00986307,-0.00563584,-0.010918,-0.00350601,-0.00662799,-0.00793125,-0.010118,-0.010233,-0.00255261,0.00252787,0.00993196,-0.000113936,0.0110318,0.00215007,-0.0182128,0.00949868,-0.0172185,-0.042478,0.00439317,-0.0325686,-0.0422965,-0.0118528,-0.00702905,0.0082044,0.0126284,0.0134422,0.00271384,0.00152382,-0.00659534,-0.0151808,-0.0188488,0.00911085,-0.00235273,-0.0179741,0.00639836,-0.0149216,-0.00191744,0.0119924,0.00848816,-0.00196089,0.00681381,0.0137146,-0.00238718,0.00161986,-0.00154437,0.0021495,-0.00689411,-0.000687348,-0.00188445,-0.0334092,0.000389027,0.0219207,-0.00837101,-0.00478239,0.00989244,0.0287846,-0.000846793,0.00541536,0.00246189,-0.00415329,0.0178155,0.00225186,0.00919945,0.00419939,-0.0100981,0.00712969,0.0282434,-0.00581868,-0.0174439,-0.0292983,-0.019114,-0.015911,0.0055317,-0.0392575,0.00293488,0.0062194,-0.0148644,-0.0403505,-0.00575075,0.0224562,-0.00712373,-0.0624089,0.0013315,0.0281769,-0.0361607,-0.00760028,-0.00635559,-0.00786267,0.00271375,-0.00343067,-0.0252858,-0.00185153,-0.0198348,0.000724301,0.00189252,-0.00235346,0.00386579,-0.0221998,-0.036054,-0.00604425,0.00549819,-0.0157787,-0.0135014,0.0104003,-0.00420664,0.00674177,0.00169756,-0.00229182,0.00919994,0.0236589,-0.0023825,0.0033331,0.00769198,0.0301103,0.00177,-0.000808276,-0.0207212,0.0219374,-0.0080509,-0.00570981,0.00146558,0.00301977,0.0380675,0.0110867,0.00175231,-0.000840297,-0.0170895,-0.0100316,0.0157584,0.00754796,-0.00297345,-0.00491585,0.000415469,-0.000696462,0.0133131,-0.00340637,-0.00186518,0.041206,0.00962936,0.00707504,-0.00203563,-0.00445865,-0.00105289,-0.0119685,0.00900606,0.0186835,0.00567662,-0.00294012,0.00238581,-0.00263362,0.00390838,-0.0113872,-0.0114715,0.00402284,-0.0269862,0.0104634,0.00557616,-0.0202199,0.00610898,0.0115728,0.0210239,-0.0160348,-0.0270763,-0.0213359,0.000630734,-0.0251416,-0.021859,-0.0154087,-0.00300851,-0.0170516,0.000544687,-0.00542051,-0.0116191,-0.00797804,0.00166411,0.0071806,-0.0251796,-0.00723375,0.00717046,0.0120111,0.00638345,-0.000875707,0.018029,-0.0111605,0.0153873,0.0020722,-0.0175817,0.017973,-0.0033476,0.00496114,-0.0184583,-0.0165959,0.00335388,-0.00203875,-0.0228707,-0.0207195,-0.00674343,-0.00377076,0.00514732,-0.0152676,-0.00105792,0.000739498,-0.000642148,0.000724043,-0.00116731,0.00548179,0.0016257,-4.57059e-05,0.0101652,0.00290409,0.00825982,0.0427687,-0.0110919,-0.0058228,0.00355048,-0.0166778,0.00675281,0.00263252,0.00103778,0.0017242,0.00218602,-0.00240764,0.0219745,0.00860817,-1.19027e-05,0.00218904,-0.00419886,0.0105167,0.0324284,-0.0367201,0.0105902,-0.0108179,0.0144883,0.00475129,0.00460386,-0.0193497,0.00541097,0.0147216,-0.00952905,0.0118822,-0.000455752,-0.00142525,-0.00958522,-0.0227583,0.00877636,-0.0325275,-0.0119277,0.0160398,-0.0395645,-0.0311673,-0.0380388,-0.00629887,0.00165262,0.0027687,0.00471079,-0.00771213,-0.0404652,-0.0230952,0.00381484,-0.0223136,-0.0154844,-0.0469707,-0.00386078,-0.0103204,-0.016259,-0.0224959,-0.0173639,-0.0314875,-0.0306847,-0.0142286,-0.0163684,-0.0308803,-0.00249307,-0.0268889,0.000440075,-0.0185447,0.000498601,-0.0252121,-0.0282695,0.0129041,-0.0128765,-0.0171079,0.00679886,-0.0198844,0.0050148,-0.0172272,-0.0262619,0.0298516,-0.00941152,0.00634063,-0.00513185,0.00561577,-0.0265572,0.00609016,0.0198674,-0.00846875,0.000527697,-0.00199125,-0.00529478,0.0131524,-0.000944673,0.00102907,-0.00106018,0.0150751,-0.00785341,-0.000656101,-0.00380661,-0.0236879,-0.0250139,-0.0158361,-0.00936617,-0.00711497,-0.0155067,0.0117576,-0.00422168,0.011737,-0.0118361,0.00310218,-0.0122039,-0.0135134,-0.00699763,0.00188893,-0.00623856,-0.00404324,0.0100845,-6.85879e-05,-0.0113308,0.00150742,-0.00161723,0.00242072,-0.00453007,-0.0226317,-0.0322633,-0.000740257,-0.00864232,-0.0411278,0.00254427,-0.00777832,-0.00165955,-0.0397057,-0.00592466,-0.00543206,-0.00898755,0.00379983,-0.00304381,0.0037392,-0.0102267,-0.0234027,0.00347069,-0.00796202,-0.035946,0.00253765,-0.0165171,-0.00991927,-0.016729,-0.0414167,-0.0352368,-0.0241339,-0.0115498,-0.0145248,-0.0062183,-0.0328772,-0.0204601,0.000591673,0.00571796,-0.000109067,0.000786393,-0.00360309,-0.0323607,0.00806197,0.00353971,0.00058218,-0.00263311,0.0128925,0.0100324,-0.00942458,0.0034273,-0.00462647,-0.00554894,-0.0252846,0.0129124,0.0256901,-0.0164156,-0.00225809,0.000931032,-0.000732363,0.00215513,0.0215139,0.011436,0.00181379,-0.0119933,-0.0159048,0.000857634,-0.0115668,-0.0135789,0.00626685,-0.00524369,0.0158704,0.004653,0.00182083,-0.0221134,-0.0218421,0.00508435,0.0233162,0.00188812,0.000333119,-0.000908997,0.00168952,-0.00544169,-0.0131387,-0.00889692,-0.00578529,0.0146498,-0.00891034,-0.0333148,-0.0223787,-0.00621093,-0.0122203,-0.00141448,0.0010335,-0.00207217,-0.00860877,-0.0166339,-0.0340958,-0.0135933,0.00439351,0.0122728,-0.00713211,-0.021422,0.0158825,-0.00525684,-0.00439658,0.00833918,-0.007935,-0.0132302,0.00882715,0.00151832,-0.00305873,0.0385289,0.0148061,-0.0151923,-0.0216585,-0.017947,0.0049577,-0.00164096,-0.000867059,0.007065,0.00712149,-0.000746223,-0.00335088,0.00447347,-0.0150641,0.00479357,-0.0163361,-0.0144708,-0.00813943,-0.0134167,-0.0343026,-0.0025881,0.0105758,0.00480394,0.00796438,-0.00607778,0.0119328,-0.0146142,0.000686465,0.00420263,0.0135182,0.0141425,-0.0192616,-0.0102344,0.00916759,0.0149859,-0.0111847,-0.0198395,0.029233,0.00577062,0.00183794,0.0103334,0.0071875,0.00370455,-0.00418319,-0.0376515,0.000331156,0.00680878,-0.00948345,0.00245258,-0.00122089,0.000646703,-0.000129648,-0.00105756,-0.0193567,0.00528792,0.00187005,0.00500368,-0.00418208,-0.0252448,-0.0165681,-0.0176161,-0.0113318,-0.0278526,0.00475704,0.0270882,0.00199022,-0.000640766,0.000160528,0.000631002,-0.019942,-0.0164163,-0.0274638,-0.00262729,0.000460618,-0.00205669,-0.0266873,-0.000500923,-0.00303403,0.00984861,-0.0249207,-0.0302808,-0.00834647,0.00484694,-0.0135423,-0.0182694,0.0105749,-0.0347725,-0.00780232,-0.00633487,-0.0121467,0.00793251,-0.0125025,-0.00236479,0.00875477,0.00888709,0.00309507,0.00637464,-0.00140011,-0.0191646,0.00465577,-0.00571356,0.0125661,0.0205258,0.00458061,-0.0167002,-0.0217634,0.0129868,-0.00586086,-0.00788428,-0.0034293,0.0138202,0.00881085,-0.00432786,-0.0107718,0.0109834,0.00579416,0.0208502,-0.00217315,0.00472401,0.00218586,0.00662904,0.0147273,-0.00688667,0.0127986,-0.0115689,-0.0257684,0.00813557,0.00585761,0.00597647,0.00331799,-0.00691035,-0.00731973,-0.0135675,-0.0268602,-0.0188696,-0.0225227,-0.000662711,-0.026208,0.00871202,-0.000231324,0.000175108,-0.00211387,-0.0224621,0.00499368,-0.0141818,-0.00237381,-0.00920199,-0.0315362,-0.000607507,0.00465194,0.0112069,-0.0140489,-0.0116677,0.00173336,-0.0312396,-0.00947263,0.00147351,-0.00145734,0.00277233,-0.0203409,-0.0277716,-0.00297195,-0.0340243,-0.0152477,-0.0147239,-0.0133123,-0.0106371,0.00032854,-0.0049027,-0.01319,-0.0136367,0.0269711,0.00653897,-0.0100883,-0.0286907,0.00140591,-0.0253277,0.00154021,-0.00213232,0.00499897,0.0166984,-0.00279305,0.0379122,0.00548255,-0.0151374,-0.00517894,-0.0067126,0.00363643,-0.00710318,-0.0100099,0.012803,-0.000260282,-0.0126701,-0.0148621,-0.00857484,-0.00650338,0.0126668,-0.00355095,-0.00525757,0.0129833,-0.00172925,-6.26074e-05,0.00579228,0.00707325,0.000806231,0.00507868,-0.0115968,-0.00242886,0.00723551,-0.0192015,-0.0273482,0.00978136,-0.0205445,0.000484414,0.00459913,-0.00144598,0.000558735,0.00013073,-0.000980137,0.006626,0.00191349,0.00287101,-0.0198956,-0.0243586,-0.0390047,-0.0177388,-0.00788473,-0.0261409,0.0068507,-0.000934336,0.013244,-0.0210553,0.000414029,-0.0125716,-0.00286311,-0.0109235,-0.00307266,-0.0223696,-0.02132,0.00511267,-0.0159834,-0.0281921,-0.0184185,-0.00864818,0.00362789,-0.00177501,-0.0173308,0.000793814,0.00487248,0.00268601,0.0112437,-0.00394606,-0.0293101,-0.00566018,-0.00639282,-0.0182447,-0.0203872,-0.0299002,-0.0109319,-0.0347189,-0.00454311,0.00147138,-0.000150381,-0.00107897,0.00379342,0.00962219,0.00797819,0.0199983,0.00274997,-0.0132878,0.00395806,0.00177533,0.00181104,-0.00843275,0.00430218,0.00314641,6.35592e-05,-0.00975168,-0.00357797,-0.00892147,-0.00410876,0.00456869,0.00666075,-0.00176372,-0.00643526,-0.0139566,-0.000669316,0.00857051,-0.00893627,0.00019064,0.0214316,-3.47849e-05,-0.0212388,-0.00209521,-0.000369068,-0.0313589,0.00883111,-0.00723938,-0.0118947,0.00521796,-0.00311927,0.00597568,0.0096229,0.00332964,0.0267793,-0.0227042,0.00404967,-0.00357713,-0.0171738,0.00231659,-0.00237764,0.00554595,0.00965483,-0.00309846,0.00243182,-0.00285401,0.00621198,0.00830041,-0.0153158,0.0047294,-0.00524244,-0.0199527,-0.00788373,-0.00642906,-0.00688563,0.0134722,-0.00337958,-0.0196057,-0.00961408,-0.00917107,-0.0265709,0.00526115,-0.00330803,0.00470746,0.00413819,0.00815212,0.00474611,-0.0166963,-0.0193511,0.0087839,-0.0106808,0.00516448,0.0132428,-0.00166718,0.00672954,0.000249078,-0.0182052,0.00429935,0.0126654,-0.00921681,-0.00209182,0.000827553,-0.000107167,0.00700924,-0.0118844,-0.00211942,0.0258679,-0.00353785,-0.014133,0.00654601,-0.0036572,0.00979279,-0.00559326,0.0153702,0.025268,0.00999035,-0.0034173,-0.00878405,-0.000380064,0.0112786,0.00917403,-0.00922039,0.0130619,-0.0175685,-0.0195549,0.0174353,0.00415154,0.00709855,0.000777891,0.0261038,-0.00951747,-0.0417624,0.00824359,0.0196424,-0.0126001,-0.0224673,-0.0189965,-0.0127617,-0.00539511,0.0162422,0.00902018,-0.00391145,-0.0133684,-0.0122438,-0.00629391,-0.0219269,-0.0191786,-0.00290349,0.00240288,-0.00251444,0.00343958,-0.0084062,-0.0142654,0.00438412,-0.00403032,-0.0172265,-0.0313477,0.0177434,0.00386118,0.00965103,0.0116773,-0.00693185,-0.0182967,0.00568221,-0.00504998,0.0114269,0.0154722,0.000238922,-0.0199772,-0.00369537,-0.0110509,-0.0108371,0.00622042,-0.0103131,0.0175132,-0.0019637,0.00996771,-0.00527895,-0.000255351,-0.00822641,0.00163564,0.0197199,0.00798824,0.00689517,-0.00204485,0.0219587,0.0157145,0.00294338,0.0241562,-0.000862111,0.013708,0.00714807,0.00485364,0.0153943,0.000897462,-0.0109755,-0.00731509,0.0222018,-0.00660048,-0.0148378,0.013594,0.00292194,6.34623e-05,-0.00090081,0.0016631,-0.00283936,0.00575998,-0.000538357,0.0127554,0.00699531,0.0148782,0.0189809,-0.00481927,0.00183463,0.00979548,0.00265821,-0.00113071,0.000328687,0.000328723,-0.00107632,0.00239196,-0.00169834,-0.0116517,0.0143264,-0.0115645,-0.00492432,0.00452192,-0.0135687,-0.00677222,-0.00260246,-0.0131689,-0.00548727,0.0157707,-0.038786,-0.0423517,-0.00154409,-0.0301763,0.013763,0.0031932,-0.00797706,0.00504614,-0.0109041,0.00944124,0.00440374,-0.00221858,-0.0122547,0.0230094,0.00363622,-0.000865452,0.000828297,-0.00109288,-0.0102857,-0.00297112,-0.00976006,0.0140253,-0.0161213,0.0180623,-0.0153571,3.09079e-05,-0.0125223,-0.0216613,0.000415322,-0.0349821,-0.0267537,0.00504034,-0.0293193,0.00683792,-0.0038942,-0.00750988,-0.0385578,-0.00836653,0.0088066,0.00353241,0.00190183,0.00681666,-0.000140608,0.000803453,-0.00131514,0.00210803,-0.00384583,0.0141947,0.0262816,-0.00931495,0.00705473,-0.0198549,-0.0332335,-0.014237,-0.0112768,0.0160312,-0.0198793,-0.00125132,0.000911571,-0.00866204,-0.00697705,0.00788932,-0.0246716,-0.012515,0.00307377,-0.0265223,-0.0194221,-0.0287177,-0.030474,-0.0278167,0.0024471,-0.00376871,-0.0306167,-0.0160461,-0.00307468,-0.00990117,-0.0140153,-0.0063609,-0.0114452,-0.0129283,-0.00861358,-0.0154405,-0.0222362,-0.0155219,-0.0337166,0.000790456,-0.0144536,-0.0293125,-0.010918,-0.00643319,-0.00648131,-0.0152296,-0.0220884,-0.0149823,-0.00184279,0.00380776,0.00428629,-0.00238497,-0.0087286,-0.0120845,-0.00158276,-0.00190604,0.00988718,0.00993673,0.00124822,-0.00812684,-0.00497396,-0.00800173,-0.00428336,-0.00908864,-0.00279844,-0.00396781,-0.0242064,0.010265,0.0205354,-0.0120149,-0.0104879,0.00248653,0.00570666,-0.00213952,-0.0164541,-0.0149935,-0.00140136,-0.012353,0.0215439,0.00306176,-0.0052708,-0.0164245,0.0216842,-0.00319164,-0.0104311,-0.00932307,-0.00488601,0.0151338,0.0137853,0.00328775,-0.00018377,0.00152343,-0.00546348,-0.00881093,0.00842466,-0.00197424,0.00107821,-0.000598632,0.000244442,0.000290661,-0.0140821,0.0113147,0.00544193,0.00299744,0.00839321,-0.020377,0.00494508,0.00306441,-0.00540553,0.00492297,-0.00226689,0.0011634,0.00448562,-0.0392054,-0.0110982,-0.00123839,-0.0311802,-0.015259,0.00525027,-0.0296532,-0.025198,-0.000884706,0.0123301,-0.000179478,-2.33061e-05,0.000286569,-0.000600365,0.0070231,-0.00164992,0.00259464,-0.00408136,0.00694554,-0.00975758,0.0203242,0.00747842,-0.0246529,0.00315843,-0.000482771,-0.00951439,-0.00335245,-0.00974642,-0.0024065,0.000696073,0.000273555,-0.00094343,-0.0073044,-0.0146382,0.00576276,0.020953,-0.00531591,0.0267095,-0.00474165,0.0345945,0.0110539,0.000674156,-0.00704842,-0.00357691,-0.00467234,-0.0166337,0.0151137,-0.0130949,0.0169073,0.0384097,0.00423969,0.0223424,0.011483,0.013845,-0.00105417,-0.00103135,0.00295774,-0.00305961,-0.0170958,0.000464305,-0.0147797,-0.0120251,0.0245652,0.0304919,0.00117009,0.0189163,-0.0395664,-0.0166301,0.0182476,-0.0110665,-0.00511503,-0.00360723,-0.00305778,-0.000208401,0.0138834,-0.0111572,-0.00235112,-0.00197829,-0.0114061,0.00185161,0.00379068,0.00265928,0.00300795,0.0122393,0.012838,-0.0119503,-0.0111183,-0.0366009,-0.0461016,0.0117712,-0.0271634,0.0225954,-0.0130902,-0.00800965,0.00174623,-0.000889261,0.00264246,-0.0071312,-0.0124885,0.0103043,0.0319893,-0.0155519,-0.003565,0.000555826,-0.00286021,-0.0211753,-0.0140321,0.0049098,0.01004,-0.00162415,0.000965926,0.00648212,-0.00341004,-0.0113372,0.00320551,-0.0035783,-0.007681,0.00535834,-0.00279268,0.00336633,-0.0155395,0.00179212,0.0170296,0.0218336,-0.0064882,0.0214614,0.0087351,-0.00693858,0.0168435,0.00480888,0.00647302,0.0166887,0.00157874,-0.00991187,-0.00464746,0.00745894,-9.06332e-05,0.00179136,-0.00855845,-0.00672488,0.0042324,-0.0101502,-0.0144669,0.00988193,-0.0182912,-0.017543,-0.00778506,-0.0105799,0.00771249,-0.0155634,-0.0100287,-0.00452813,0.00787381,-0.00386282,0.0205647,-0.00195178,0.0288801,0.0101086,-0.0043992,0.00675455,0.00868124,-0.0022766,0.00635617,0.000810191,-7.91064e-05,0.0164728,-0.0173487,-0.0063331,0.000872332,-0.0157623,0.00398968,-0.0136724,0.00277259,-0.00215291,0.00870543,-0.0114932,-0.0278949,-0.00493338,0.00155059,-0.0195113,0.00268889,-0.00960337,-0.015506,-0.0219877,-0.0311056,-0.0142156,-0.00462975,-0.0295719,-0.000125807,0.00900713,-0.0182469,-0.0037752,-0.000254909,-0.0195211,0.00457959,-0.0116023,-0.0215948,0.0021213,-0.00189816,0.00476792,0.0111367,0.00160441,0.00421302,-0.0143876,-0.00814977,0.00324527,0.00497515,-0.00102999,0.00466782,0.00185655,-0.0192676,-0.0114198,-0.00579347,0.000674948,0.00204905,0.00467038,-0.00777907,0.00206655,-0.00182393,-0.0265976,0.0043811,-0.00101815,0.00404469,-0.0124181,-0.0160064,0.00653026,-0.025743,0.0168158,-0.00454795,-0.0141093,0.00711896,-0.00687176,0.0148809,-0.00116201,-0.0327368,-0.0192646,-0.00544248,-0.00559474,-0.0181812,-0.0082367,-0.00830814,-0.0152008,0.000357993,-0.0135802,-0.00706891,-0.00481807,-0.0084032,-0.0029194,0.00843465,-0.0199807,-0.0198208,0.00219633,-0.0204157,-0.0207444,-0.0269588,-0.0304625,-0.00217442,0.00201765,-0.00887486,0.00111181,0.00970458,-0.0358443,-0.0100983,-0.00497864,-0.0414644,-0.00519437,-0.0116284,-0.0271902,0.0106077,-0.00952448,-0.00162595,0.0111261,-0.0198976,0.0111116,-0.000438312,0.000145862,0.00339473,-0.0110026,-0.00770428,0.0124543,0.0185575,-0.00591502,0.00614314,0.00875797,3.6869e-05,-0.00794093,0.021442,-0.018587,-0.00153604,-0.00209871,-0.0213561,0.000717772,-0.00558341,-0.0323847,0.0177035,-0.0301331,0.00169009,0.00860378,-0.00507208,0.00671531,0.0134881,0.00737578,-0.0123868,-0.00125496,-0.0163299,0.00740531,0.000876199,0.0124336,-0.0126466,-0.0124647,0.00830788,0.00372367,0.00795745,0.00613624,-0.00317399,-0.00465913,0.0270584,-0.00243488,0.0122236,-0.00481659,-0.0267465,-0.0153908,-0.00170097,-0.018375,0.00519685,-0.00469158,-0.0160808,0.00161055,0.00694083,-0.0283806,0.0170274,-0.0219343,-0.0428083,-0.0120719,-0.00426529,-0.0368947,-0.00100102,-0.000172307,-0.024586,0.00619541,-0.00373679,0.00282675,-0.0026169,0.00322517,-0.00669164,-0.00803167,0.000672012,0.001742,-0.00944831,-0.00356584,0.00771009,0.00386356,-0.0145743,-0.00642724,0.0143674,-0.0107432,-0.0118347,-0.0193244,-0.0099627,0.00663664,-0.00285954,0.00116642,0.000702199,0.00585374,0.0109983,-0.000858288,-0.019151,0.0041207,-0.00450904,0.0215853,0.0121062,-0.0152983,0.00340004,-0.00225552,0.00189801,-0.00211161,0.00456526,0.0023601,-0.00736782,0.0149079,7.83147e-05,0.0165139,0.0210551,0.00297647,-0.00133304,0.0140786,0.0171728,-0.0119776,0.00328268,-0.00858528,0.00211885,0.00593515,-0.00855793,0.00424462,-0.00238922,-0.00309312,0.00998535,0.00518763,-0.0136008,-0.00924159,0.00781457,-0.00601152,0.00134545,-0.00122345,-0.00999665,-0.0135877,-0.013401,-0.00316391,0.0141568,-0.00884882,0.000281317,0.00242173,-0.0213235,0.00771202,-0.00635708,-0.0214824,-0.00875547,-0.019062,0.00163356,-0.00466223,-0.0111811,0.00637929,-0.0247518,-0.0247648,0.00778478,-0.0182608,0.00349488,-0.0255541,-0.0144109,-0.00388489,-0.0354368,-0.00662761,0.00223732,-0.000797917,0.0045835,-0.00268061,0.0118313,-0.00506127,-0.00411134,0.00318382,-0.00429877,-0.00632764,0.00648934,-0.0244649,-0.00476403,0.00525673,-0.0158276,-0.0126631,0.0174237,-0.0103285,0.000676159,0.0119218,-0.014188,0.0137476,0.00597451,0.0126795,0.0072361,-0.00333651,0.001996,0.00471265,0.000671476,0.00123967,0.0175943,0.00543371,-0.000711561,2.60895e-05,0.000441952,-0.00119417,0.00485697,0.00211892,0.004155,0.009733,-0.00476893,0.0139984,-0.00262564,-0.00547092,0.00968381,0.00892329,-0.0251582,-0.00614602,-0.0119107,0.0123357,0.0129622,-0.0158046,-0.00735017,0.0125718,-0.0189428,-0.0110941,-0.00570863,-0.00721788,0.00296356,0.00599093,-0.005515,-0.0208145,0.0137378,-0.0321289,-0.0036715,-0.00452851,0.00171228,0.00901757,-0.0437938,-0.00894189,-0.00680173,-0.0128021,0.00166662,-0.00835064,-0.0383869,-0.0189205,0.0069211,-0.0345868,0.00417779,-0.00466269,0.00708548,-0.0240617,-0.0131601,0.00346988,-0.0219925,0.011936,0.00288911,0.00304224,0.00401374,-0.000309233,-0.00037076,-0.00359645,-0.016051,-0.0261745,0.00657964,-0.0162353,0.0169441,-0.00544574,0.0055287,-0.0108562,-0.00277077,-0.0127591,0.00974585,0.00168392,0.00129207,-0.00502321,0.0204274,0.00553232,-0.0202482,-0.00570705,0.0132172,-0.000859544,0.0197412,0.0305005,-0.0318933,-0.00204606,0.00280667,-0.0178372,0.024793,0.0165896,-0.00217572,-0.00807227,-0.0102726,-0.00361133,-0.0206549,0.00795828,-0.00502936,0.00611203,-0.0203067,-0.0204034,-0.0136797,-0.00447761,-0.0155438,-0.00147236,0.000977484,-0.000776051,0.00333021,-0.00654479,-0.00618024,-0.0119232,-0.0221386,-0.00918454,-0.00827528,-0.0262564,-0.0131651,-0.00798098,-0.0179309,-0.00855429,-0.0132488,-0.00520518,-0.0185789,-0.0372189,-9.32404e-05,-0.0284446,0.000919385,-0.032414,-0.01418,-0.00361265,0.00471678,0.00414571,-0.0157892,-0.0117751,0.00655455,-0.0311001,-0.00580239,0.0139156,-0.000870375,0.0147835,-0.00546925,0.0150254,-0.0139331,-0.00314711,-0.00769879,-0.0414765,-0.0231182,-0.0024525,0.0046532,-0.0217291,0.007807,-0.000715237,-0.0101385,-0.00620155,-0.00833523,0.000795663,-0.0261609,0.0099563,-0.0017817,0.00179914,-0.00234417,0.00680968,0.010335,0.00937697,0.00354438,0.006428,0.00192035,0.0196297,0.00916514,-0.00777844,0.00160421,-0.00979492,0.0138309,-0.0222161,-0.0066752,-0.011549,-0.00845072,-0.0113977,0.00510508,-0.0033495,-0.0309344,0.0101826,0.014186,-0.0169716,-0.00688568,0.00210548,-0.00846648,0.0133654,0.000260909,0.00110401,-0.00947175,-0.00499632,-0.0143235,-0.016213,-0.0120861,-0.0112664,-0.00387798,-0.0170767,0.000910036,-0.0109886,-0.0159556,-0.00816029,-0.0211457,-0.00784146,-0.0233714,-0.00311346,-0.0204968,-0.0256267,-0.00371203,-0.00562291,-0.00782369,-0.0475967,-0.0239559,-0.0388386,-0.0329968,0.00879759,-0.00909712,0.0107982,0.0324804,-0.0189252,0.00496055,-0.00862842,-0.00751703,0.00365047,-0.006261,-0.00923358,-0.0151866,-0.0106477,0.0105848,-0.0130861,-0.0242794,-0.0204549,-0.0188554,0.00630085,-0.0157734,0.0026567,0.00103492,0.0205138,0.0268362,0.000275228,0.00679923,-0.00594141,-0.0121789,-0.00837317,0.0142849,-0.0117461,0.0141749,0.00122312,-0.00117205,0.0282944,-0.00590467,0.00273228,-0.002772,-0.0103539,0.000176889,0.00994029,0.00339152,0.000210101,0.00591959,-0.000775144,-0.00120888,-0.00949965,0.00709344,-0.00477985,0.00613353,-0.0201186,0.00424454,0.00573405,-0.0141177,0.00513564,0.00552893,-0.0104061,-0.0127385,0.00569401,-0.00618728,-0.00127947,-0.00323904,0.0120556,-0.0143661,-0.0231689,-0.0091017,0.0024216,-0.0151185,-0.0501404,-0.0319224,-0.0233661,0.00357394,0.0151108,0.0187497,-0.0350708,-0.0342851,-0.00219469,0.0113982,-0.0207582,-0.0196119,0.00363375,-0.00119826,0.00639969,-0.000162805,0.00760467,-0.0105324,-0.00191375,0.0097801,0.00715933,0.00162522,-0.00459034,0.00808574,0.0170504,-0.0343532,-0.00666548,0.00221756,0.00510894,-0.000593865,-0.00798666,-0.00358357,-0.00821716,-0.0238788,-0.00742672,0.0120737,0.0167847,0.000771062,-0.00559722,-0.0345907,-0.00507474,0.0024261,-0.00172456,0.00155794,-0.00185746,0.00515228,0.0143381,-0.000687106,0.00016755,0.000605811,-0.00673534,-0.00968128,0.0126195,-0.0135021,-0.000242767,0.0204765,-0.00462951,0.0183068,0.000605244,0.000155953,0.000115849,-0.000742573,0.00518351,0.0017683,0.00400406,0.00563787,0.00256091,-0.000860046,0.0151322,-0.00801712,-0.00237321,0.00531035,0.0137012,-0.00343845,0.0154697,0.0247266,-0.00143549,0.023295,-0.00579753,-0.00202154,-0.0247386,0.00635697,-0.00354938,0.000462124,-0.00863242,0.0268302,-0.0235368,-0.00408574,0.00808397,-0.0271783,0.000585212,-0.0152804,0.0066482,-0.0204185,-0.0102405,0.0186166,-0.025808,0.0178422,0.00586795,-0.00585841,0.019352,0.0283237,-0.00287785,0.00770041,-0.00155584,0.000607771,0.000117581,-0.00114239,0.00590731,0.0103448,-0.0121754,-0.0155964,0.000300241,-0.00960727,-0.0282227,0.00938859,-0.0114174,-0.0237787,0.0056767,-0.00154762,0.00963716,0.0128614,0.007472,-0.0205064,0.00385513,-0.00258325,-0.00365583,-0.00255483,0.012778,-0.0115742,0.00761672,-0.0123009,-0.000812331,0.00578442,-0.00682945,0.0136375,0.012413,-0.0154092,-0.00125502,0.0151792,-0.0226884,-0.00891556,0.00370567,0.0260546,-0.0290426,-0.0257613,-0.00845978,-0.016936,-0.0131351,-0.000308489,0.00905801,-0.022068,-0.0125151,0.00196627,0.000323706,-0.00220679,0.0113767,-0.0250987,-0.0291744,0.00195064,-0.0135803,0.00368275,-0.00189177,0.0010482,-0.00124767,-0.0206707,-0.00156338,-0.0104921,-0.0255301,-0.0138707,-0.0147338,0.00139126,-0.0098595,-0.043667,-0.0138392,-0.0210942,-0.00982339,-0.0028895,0.0111246,-0.0236245,-0.0128429,-0.0166535,-0.0343469,-0.00876722,0.0185964,-0.0381945,-0.0266414,-0.0345752,-0.0253386,0.0203787,-0.00984398,0.0169001,0.0152494,-0.0159899,-0.0157152,0.00666175,-0.00815119,-0.00818429,-0.0303103,-0.00351121,-0.0100646,-0.0147104,-0.0136524,-0.0451465,-0.0245813,-0.00628495,-0.00808794,0.0047631,-0.00459401,0.00555976,-0.0406238,-0.0109832,0.0050668,-0.00746018,0.0161595,0.00576795,-0.00320303,-0.0283777,-0.00128556,0.00544237,0.000125117,0.0115048,0.0165917,-0.0318394,0.00585311,0.00156528,-0.00563756,-0.00476061,0.00491163,0.00476685,-0.0278705,-0.00292328,0.000806278,-0.000528548,0.00531818,0.00180768,-0.0199937,0.00349276,-0.01106,-0.0112557,0.0121114,-0.0122484,-0.0276288,-0.0264111,-0.0276951,0.00102304,-0.0312162,0.00237795,-0.00161537,-0.0284318,0.0161248,-0.0149453,-0.0257273,0.0089312,-0.0167618,0.00331291,-0.00819018,-0.0218417,-0.0095846,-0.0117827,-0.0103807,-0.0313311,0.0109896,-0.000379621,-0.0173572,-0.0158307,-0.00506242,-0.0165417,0.00700122,-0.00924751,-0.0202183,0.00355423,-0.00248542,-0.0223926,-0.0187968,0.00440844,0.00335451,-0.00221887,0.00277748,-0.00107652,-0.0127626,-0.003571,-0.00613703,0.0084355,0.000291933,-0.0446085,-0.0088182,0.0109655,-0.00621847,-0.0114922,-0.0179154,0.00255532,-0.00144148,0.00132414,-0.0017704,0.00517859,-0.00339947,-0.00775693,-0.014965,-0.00860836,0.00861527,-0.0330526,0.00628175,0.00934682,-0.0195191,4.91206e-05,-0.00300707,0.0138181,0.019439,0.000660708,0.0116214,-0.00123946,-0.00931625,-0.0183309,0.007221,-0.0161719,-0.00589638,0.0163252,-0.0109624,0.00188396,-0.00178025,0.0152031,0.00467293,-0.00474567,-0.0290978,-0.0225895,-0.0242203,-0.0206363,0.00220889,-0.0356884,-0.0105552,-0.0108344,0.000597116,-0.00539271,-0.00798953,-0.00644668,0.00255689,-0.00358465,-0.00823975,-0.0280133,-0.0043183,0.0167717,-0.0353784,-0.0151971,-0.0226645,-0.00236174,-0.000709709,0.00339684,-0.012096,-0.00884074,0.00725696,0.00120641,0.00325576,-0.0183013,-0.00853787,0.0104896,0.00756808,-0.00440162,0.0132804,0.00264492,0.0227096,0.0275269,-0.00887916,-0.0105171,0.00338293,-0.000244148,0.0052587,0.00191083,-0.00717193,-0.00318452,0.00545817,2.76915e-05,0.0227144,0.0149339,0.0078396,0.0237722,0.00967588,-0.0195057,0.0021788,0.0103797,-0.00259203,0.0132751,0.00171332,0.0149289,0.0140897,-0.0023814,-0.00501894,-0.0167183,0.00800045,0.00689068,0.0012953,0.0109888,0.00446557,0.00396212,-0.0145617,0.0079549,0.00616902,-0.00271356,0.00551152,0.0172751,-0.0140534,0.0139499,-0.000961475,0.017558,-0.00786607,-0.0300721,0.0092589,-0.00616638,0.00551363,-0.00846651,-0.0212409,0.0061137,0.00313858,-0.000591933,0.00189582,0.013502,-0.0206544,-0.00617912,0.0127048,-0.000146743,0.0196825,0.0068092,-0.00520492,-0.00703042,0.0157536,-0.00568481,-2.02809e-05,-0.0108287,-0.00239126,0.00257936,-0.00819768,-0.0180052,-0.0386277,-0.0109921,-0.0335779,-0.00141234,0.00256507,-0.00542866,-0.00264507,-0.0200804,-0.0135299,-0.0157455,-0.013064,-0.00257473,0.000888354,-0.0115724,-0.0108724,0.0064629,-0.0102852,-0.00520575,-0.000345806,0.00464318,0.0100165,-0.00304814,0.00194804,-0.0016178,0.00166204,-0.0020362,0.00313911,-0.0147376,0.00858589,-0.0190133,0.000719355,0.0247598,-0.00290514,0.00941052,0.00992649,-0.00765724,0.00089199,0.00110888,0.00548508,0.000263721,0.0109515,-0.000367553,0.0061013,-0.00444276,-0.0172516,-0.0155571,0.0164628,-0.00145232,-0.00710855,-0.00118041,0.00591012,-0.0135668,0.00801229,-0.017423,-0.0289908,-0.00128331,-0.0250634,0.0144573,-0.0303345,-0.0178969,-0.0231821,-0.0315498,-0.0041605,0.00496258,-0.0168828,-0.00425629,-0.0190977,0.00519704,-0.000204436,-0.016284,-0.0169824,-0.0286384,-0.0118008,0.000636187,-0.0134077,-0.0252446,-0.0101925,0.00925053,0.000177491,-0.00441942,-0.0403162,-0.0189361,-0.0286686,-0.00774552,-0.0125373,0.0269852,-0.00107787,0.0139134,-0.00725462,-0.00731873,0.00453682,-0.00796107,-0.0271286,-0.0113215,-0.022063,-0.000433413,-0.0189603,0.00813244,-0.00032461,0.00132568,0.0078709,-0.0121848,-0.0111289,0.00383337,-0.00262728,0.00225862,-0.00995968,0.0126128,-0.0088587,-0.00873044,0.00275102,0.00661011,-0.00594345,-0.0118088,0.00597713,-0.00236791,0.000908859,0.000208365,-0.00156216,0.00544858,0.00921851,-0.00217992,0.00144433,0.00757552,-0.00904128,-0.00930575,0.0211448,-0.0129253,-0.0158356,-0.00632827,-0.0101605,0.00352605,-0.0349508,-0.0279251,-0.0361289,-0.00476929,-0.0181368,-0.0180971,-0.0373367,-0.0351941,0.00595636,-0.0238566,0.0085909,-0.0146727,0.00109396,-0.0186772,-0.0242795,-0.0396466,-0.01639,-0.0115839,-0.0220826,0.00756502,-0.00534219,0.00759202,0.00039136,0.00113667,-0.0289138,-0.00892735,-0.00309696,-0.0172225,-0.0176514,0.0104212,-0.00738347,-0.00228073,0.0207527,-0.0235457,-0.0297913,0.0106353,-0.0189851,-0.00244934,0.00470148,0.00110127,-0.015434,-0.0190128,0.0051381,-0.00364348,0.00380046,-0.00741912,-0.035457,0.0110323,-0.000629766,-0.013596,0.00526256,-0.0154381,0.000609895,0.00775886,0.00563733,0.0114828,-0.00250751,0.00306141,-0.00439017,0.00919464,-0.0300809,-0.0278748,-0.00508146,0.0189719,0.0104047,-0.0118948,0.00525298,-0.0038835,0.00730932,0.000196354,0.00146329,0.00570201,-0.0014491,0.00132937,0.00557287,-0.000204519,-0.00553709,0.00588325,0.0239841,-0.012654,-0.00873559,-0.00219013,-0.0101968,0.00582563,-0.0230894,-0.0022089,-0.00859358,-0.00572391,0.00147116,-0.0143054,0.00460241,-0.010546,-0.0226227,0.000610661,-0.0207837,0.00748011,-0.0251606,-0.0272123,-0.0127768,0.00128735,0.000190278,-0.00100646,-0.0277603,-0.00460351,-0.0205444,-0.0164135,-0.00118012,0.00261905,-0.00178554,-0.0167529,-0.0229383,-0.0221797,-0.00811129,-0.00318634,-0.00979402,0.0106753,0.0191487,-0.00155989,0.0121439,-0.00151214,0.00247058,-0.0036508,0.00739837,-0.0170294,-0.000875322,-0.000813889,-0.0122931,0.00291927,-0.00148451,0.00101851,-0.0142879,-0.0189992,-0.0133212,0.0124301,-0.00948115,-0.00425614,-0.0028871,0.0113781,0.0172707,-0.00168616,-0.0174526,0.0194238,0.0129003,-0.00549037,0.0107943,-0.00549476,0.0364246,0.0210028,0.00722952,0.0129367,-0.0203397,-0.0011758,0.000941292,-0.00210993,-0.0107327,0.00327938,-0.010107,-0.0165083,-0.000198547,-0.0189317,0.00330991,0.00901743,-0.000318034,0.00607731,0.00803641,-0.0118005,-0.00273838,0.00362466,-0.0136632,-0.0201676,-0.0105009,0.0148943,-0.00927059,-0.0108697,-0.0119208,-0.00197711,-0.0190969,-0.0164515,0.00220716,-0.00227874,0.00354914,-0.0130908,-0.0372879,-0.0175155,-0.0210042,-0.00462456,-0.0335313,-0.000310386,-0.000312615,-0.000366099,0.000803273,-0.0290092,-0.00343271,0.00339116,-0.00212618,0.00176491,-0.00193775,0.0156039,0.00366037,0.000381691,-0.0113467,-0.00157271,0.000149702,0.00441235,0.0027475,-0.00191194,0.00207844,-0.0268273,0.00814096,-0.0135879,0.00561677,0.00982166,-0.0216193,0.00297783,0.00412339,0.00097266,-0.00156839,0.0148699,-0.0157249,-0.00604184,0.00450952,0.0117116,-0.00727206,-0.00792254,0.0085798,-0.0268362,-0.00993814,0.0174658,-0.00517347,-0.00699251,0.0113187,-0.0143972,0.0115871,0.00827835,0.000774056,0.00236373,0.0115711,-0.00297241,0.00602423,0.00928344,-0.00666714,-0.0149312,0.00169527,0.000356726,-0.00195153,0.00447318,-0.0161221,-0.000469394,0.0342469,-0.00623518,0.0216598,-0.00208477,0.00517222,-0.0165578,-0.014936,-0.0240588,-0.0266108,-0.00754665,-0.00170265,0.00834892,-0.0104392,-0.0238291,-0.026409,-0.0071485,-0.00326819,-0.000759354,-0.0300802,-0.0186982,-0.0142951,-0.0184693,-0.00726836,-0.00520976,0.00159831,-0.0114921,-0.00286962,-0.00296993,-0.0150408,-0.0152639,0.016766,-0.0263266,-0.00265518,-0.0278056,0.00110666,-0.0330123,-0.00276295,-0.000785732,-0.036852,-0.00174272,-0.000244808,-0.000913079,0.0215171,0.00552143,-0.0047396,0.00658378,-0.0171472,-0.0117991,-0.00812655,-0.0151295,-0.00726292,-0.0104635,-0.000992191,0.00877796,0.00554138,-0.0011388,-0.00415813,-0.0130057,-0.00577939,0.00681105,-0.00955233,0.00484064,-0.00440575,-0.0178307,-0.0277584,-0.018116,-0.00984171,0.0110711,-0.00893753,-0.027646,-0.00874798,0.00504091,-0.00532463,0.000331038,0.00551464,-0.0333823,0.00410063,-0.0197564,-0.0298175,0.0345468,-0.0016681,9.52825e-06,0.00193671,-0.00964554,-0.00325496,0.00694682,-0.0216347,-0.0388061,-0.000261956,-0.0141088,0.00836829,-0.00879919,-0.0179143,0.00312449,-0.0191542,-0.00994106,0.00388973,-0.0165469,-0.00288348,0.0172687,-0.0207945,-0.0258123,-0.0142856,-0.00209144,-0.00551216,-0.0157322,0.0122344,-0.0155996,0.00167727,-0.0109205,-0.0117414,-0.0321528,-0.028437,-0.00249287,0.00306652,0.00480241,-0.00165178,0.00145892,-0.00186876,-0.0259725,0.00238144,-0.0190562,0.00326868,-0.00257461,0.00318585,-0.0115066,0.00441937,-0.00352943,-0.0101748,0.000578367,0.00558669,-0.0033232,-0.0133561,-0.0142019,0.0103701,0.00645409,-0.0227068,0.00265071,-0.00179801,-0.00899056,0.00496499,-0.00185802,-0.00716356,-0.0164027,-0.0305516,0.000771703,-0.0128633,0.00191364,-0.000850347,0.00588067,0.00770688,-0.00586522,-0.0216634,0.0130318,-0.0109313,0.000837949,-0.00220842,0.00578333,0.0150098,-4.63109e-05,0.00567519,-0.000914013,-0.0104483,-0.00229111,0.000987847,-0.000365829,-0.000238951,0.00567303,0.000684182,0.0249104,0.0107637,-0.00043275,0.00200689,0.00485405,0.0128969,0.00635756,-0.0318647,-0.0263017,-0.0186062,-0.0380164,-0.0230415,-0.00549964,-0.0178997,-0.00272297,-0.0569026,-0.0152203,-0.0353368,-0.0338083,-0.00668916,-0.0141516,-0.0104998,0.0289145,-0.0111577,-0.0190091,0.00219039,0.000242942,-0.00701565,-0.0199927,-0.0158382,-0.0185964,0.00380754,-0.012058,-0.0233611,-0.0213179,-0.0159629,0.00735401,-0.00618141,0.0170183,-0.0154591,-0.0191861,-0.00999384,0.0174597,0.00807666,-0.0388411,-0.00543492,0.0142543,0.0129215,0.00493793,-0.000190409,0.0226596,0.0029052,0.00184961,0.0161559,0.00132886,0.0248862,0.00236753,-0.015991,0.00888353,0.00987725,0.0137918,-0.00165514,-0.0167434,0.0016052,0.00119843,0.010758,-0.008432,0.0336636,-0.0149674,-0.0223744,0.0158676,0.0151227,0.000953145,-0.0101018,-0.00764542,0.0136492,-0.0211928,-0.00557301,-0.00757808,-0.001995,-0.00810093,0.00606698,0.00592017,-0.0149254,-0.00108224,-0.0201107,-0.0343934,-0.0133597,-0.0241343,0.00264438,-0.0227907,0.0118451,0.0282229,-0.00501428,0.00297393,-0.00222836,0.00229912,0.0044193,0.00140998,-0.00804276,-0.0196086,0.00887712,-0.0201959,0.0154682,0.00767057,-0.008976,-0.00552241,0.0190911,-0.00278362,0.00170093,0.0105349,0.0015445,0.00695519,0.0113751,-0.0310266,0.00644844,0.00662418,-0.000958885,-0.0155009,-0.00672213,-0.00391244,0.0159419,0.00256317,-0.0451942,0.0192601,-0.0131963,-0.0231378,0.00579958,-0.00304014,0.00443317,0.0174058,-0.0144211,0.00764359,0.0136765,0.00241381,-0.01915,0.0106501,0.00283775,0.000260084,-0.00263272,0.0150075,0.00512801,-0.0130195,-0.019099,-0.0501851,-0.0124679,-0.00937872,0.0081703,0.01785,0.0169909,0.0299194,-0.00111066,0.0123492,0.0250215,-0.0162668,0.00809769,-0.0165501,-0.00205752,0.0105624,0.00601028,0.00553656,0.00149161,-0.0137995,-0.0143263,0.0102605,-0.00281586,0.00023735,0.00232177,-0.00789155,-0.0165409,-0.0238844,-0.00130833,-0.00144345,0.00638703,-0.00813801,-0.0269537,-0.0134375,0.00368436,-0.0154236,-0.0260162,-0.0145982,-0.00948114,-0.0200264,0.0233169,-0.00342944,-0.0367531,0.00748937,-0.0292371,-0.00288475,-0.00549362,-0.0142191,-0.00125787,-0.0176182,-0.0289848,0.00127214,-0.00841489,-0.0245267,-0.0433162,0.00772091,-0.00447094,0.00305143,0.00118196,0.00749618,-0.0133414,-0.0373613,0.00809083,-0.0136076,-0.0345342,-0.00496066,-0.00881654,-0.00935052,-0.0144584,-0.0464316,-0.0026369,0.00353783,0.00417192,-0.00330688,-0.00892527,0.0219995,0.000929041,-0.000226317,0.00011933,-8.76465e-05,0.000137867,-0.000207503,0.000435121,-0.00165267,-0.0262366,0.0145256,0.0226762,-0.00782354,0.00324115,0.00815485,-0.0118502,6.82136e-05,0.00922818,-0.0190018,0.0162707,0.00595278,-0.0383596,0.0175524,0.000308784,0.000814296,0.000425003,-0.00230955,0.00812312,0.0137698,-0.00284081,-0.000248397,-0.0217855,-0.0156461,-0.00945779,0.00531061,-0.00469071,-0.0203112,-0.0114868,-0.0106301,-0.0128987,-0.04133,-0.0338027,0.00460565,-0.0291053,-0.0183357,-0.0236488,-0.00133545,0.00200675,-0.0105535,-0.0053505,-0.011564,-0.0113336,0.00257192,-0.00154177,0.0102278,0.00351097,0.00659282,-0.00685818,-0.0239417,0.0211487,-0.0245684,-0.0181371,-0.00668424,-0.0153356,-0.0136303,-0.0225985,0.00319456,-0.00746434,-0.0162139,0.0082968,-0.0263898,-0.0253119,-0.00310879,0.00136394,-0.00304583,-0.00616904,0.0138928,0.00289259,-0.000250085,0.00150224,0.00883786,0.0069624,-0.0203144,-0.0223857,-0.00303848,0.00577457,-0.000930596,-0.00385217,-0.0103612,0.0030236,-0.00159102,0.000933308,-0.0132028,-0.0154547,0.00178136,0.014421,-0.0232558,-0.006749,-0.00245969,-0.0194723,0.00448077,0.00445798,-0.0214676,-0.0159581,0.0192655,-0.0191119,-0.0101914,0.00161547,-0.000994082,0.00104707,-0.00141302,0.00241412,-0.00143734,-0.0429306,0.00682521,-0.0175177,-0.0236381,-0.00554459,0.00431872,-0.0326718,0.00507242,-0.0274889,0.00198765,-0.0107452,-0.0183452,-0.00671608,-0.00406645,-0.00114429,-0.00391163,-0.027192,-0.0200372,-0.00439423,-0.0166851,0.00386968,-0.0120803,0.016524,0.00253805,-0.0222417,-0.0143668,0.00273829,-0.00171565,0.00177628
